10.5
10.5
10.5
10.0
9.5
9.5
9.0
11.5
11.0
14.5
12.5
15.0
39.0
19.0
21.0
25.5
22.5
22.5
29.0
34.0
31.5
38.0
51.0
46.5
64.0
61.0
19.0
14.5
13.0
14.5
12.0
15.0
14.0
11.0
13.5
12.5
13.0
11.5
13.0
11.0
12.0
13.5
13.0
13.5
15.5
16.0
12.0
12.5
13.0
13.5
16.0
16.0
16.5
15.0
18.0
14.5
15.5
15.0
14.0
14.5
18.5
15.5
18.0
17.5
25.5
24.5
19.5
28.5
55.0
44.0
24.0
17.0
19.5
22.0
26.0
20.5
21.5
20.5
35.0
32.0
38.0
32.0
35.0
52.0
30.0
34.0
70.5
74.0
10.0
8.5
10.0
9.5
10.0
9.5
9.5
9.0
9.0
8.5
10.0
9.5
9.0
9.5
9.5
10.0
10.0
9.5
9.5
9.5
9.0
10.5
9.0
9.5
9.0
9.0
9.5
9.0
9.0
9.5
8.5
9.0
9.5
9.5
8.5
9.5
9.0
9.0
10.0
9.5
10.0
10.0
10.0
9.0
9.0
8.5
9.5
9.5
8.5
9.5
9.0
9.5
10.0
8.5
9.5
9.5
8.5
9.5
9.5
9.0
10.0
9.5
10.0
10.0
8.5
9.5
10.0
9.0
9.0
10.0
9.5
10.0
9.0
9.5
9.0
9.0
9.0
9.5
9.0
9.0
9.0
9.0
10.5
9.5
9.0
8.5
9.0
10.0
9.0
10.0
10.0
8.5
9.5
9.0
9.5
9.5
9.5
9.0
9.5
9.0
10.5
9.0
9.0
9.0
9.5
9.5
8.0
9.5
9.0
9.5
9.5
10.0
8.5
9.0
9.5
9.5
9.5
9.5
9.5
10.5
9.0
9.5
9.0
9.5
9.0
9.5
9.0
10.5
9.5
9.5
10.0
9.5
9.5
10.0
9.5
9.0
9.5
10.0
9.0
8.5
9.0
9.5
9.5
10.5
9.5
9.0
8.5
8.5
9.5
9.5
10.5
9.0
9.0
10.0
8.5
9.0
9.0
10.0
9.5
9.5
10.0
8.5
10.0
9.5
9.5
10.5
10.0
10.0
10.5
10.0
9.5
9.0
9.5
10.5
10.5
9.0
9.5
9.5
9.5
9.5
10.0
9.5
10.0
10.0
9.0
10.0
9.5
8.5
8.0
9.5
9.5
10.0
9.0
9.5
9.5
9.5
9.5
9.0
10.0
8.5
9.0
9.0
9.5
9.5
9.0
10.0
10.0
9.0
9.5
9.0
9.5
9.0
9.0
9.0
9.5
10.0
10.0
9.0
9.5
9.0
10.5
8.5
8.5
9.0
8.5
10.0
9.5
10.5
9.0
8.5
9.5
10.0
9.0
9.0
9.0
9.5
9.0
9.5
9.5
8.0
8.5
9.0
10.0
9.5
9.5
9.5
9.5
9.0
8.5
9.5
9.5
10.0
9.5
8.5
8.5
9.5
9.0
9.5
9.0
9.0
9.0
10.0
10.0
9.5
8.0
8.5
9.5
9.0
9.5
8.5
9.5
9.5
8.5
9.5
9.5
9.0
8.5
9.5
9.5
9.0
10.0
10.5
9.0
9.5
8.5
8.5
10.0
10.0
9.0
9.0
9.0
9.5
10.0
10.0
10.0
9.0
10.0
10.0
10.0
9.5
9.0
10.0
9.0
9.0
8.5
9.5
9.5
9.0
10.0
9.5
9.0
9.0
9.0
10.0
9.0
9.0
10.0
9.0
9.5
9.0
9.0
9.0
9.5
8.5
10.0
9.5
10.0
10.0
9.0
9.5
10.0
9.5
9.5
10.0
10.5
9.0
9.5
9.0
9.5
8.5
10.0
10.0
9.0
9.5
9.5
9.0
9.5
9.0
9.5
10.0
9.5
10.5
9.0
9.5
8.0
9.5
9.5
9.5
9.5
9.5
9.0
9.5
10.0
10.0
9.5
9.5
10.0
9.5
9.5
10.0
10.0
9.5
9.0
9.5
9.5
8.5
9.0
9.0
9.0
9.5
9.5
9.5
9.0
10.0
8.5
9.0
10.0
9.0
8.5
8.5
9.0
10.0
10.5
9.0
9.5
9.5
10.0
9.0
9.0
9.0
9.5
8.5
9.5
9.0
9.0
8.5
9.5
8.5
9.5
9.0
9.0
9.5
