10.5
11.5
14.0
9.0
11.5
15.5
16.5
18.5
10.5
12.5
9.5
15.0
11.5
17.5
16.0
10.5
14.0
10.0
23.0
20.0
10.0
10.5
17.0
15.5
15.5
12.5
19.0
17.0
10.5
17.0
12.5
11.5
15.5
16.5
17.5
13.0
12.0
11.0
15.0
14.5
9.5
14.5
16.5
12.5
20.0
15.5
15.0
19.5
13.5
11.5
21.0
18.0
15.5
12.0
22.0
14.5
16.5
16.0
17.0
22.0
22.5
14.5
14.0
12.0
10.0
17.5
21.5
11.0
14.0
26.0
13.0
14.5
18.0
13.0
11.5
14.0
17.0
11.5
9.5
19.5
18.0
19.0
10.5
10.0
21.5
10.5
19.5
17.5
11.0
12.0
14.0
12.0
16.0
11.5
10.0
10.0
15.5
19.0
13.0
11.5
14.0
18.5
17.5
11.5
16.5
9.5
23.5
13.0
12.0
14.0
11.0
17.0
12.5
10.0
31.0
12.0
22.0
11.5
23.0
10.5
14.5
11.5
12.0
18.5
11.5
12.5
13.5
16.0
15.5
11.0
11.5
12.5
13.5
11.0
10.5
16.0
11.5
10.0
12.0
12.5
13.0
12.0
13.0
13.5
11.0
12.0
12.5
12.5
10.5
18.0
21.0
13.0
13.5
21.5
14.5
15.0
15.5
12.0
9.5
20.0
9.5
11.0
11.5
12.0
16.5
13.5
18.5
24.0
20.5
15.0
18.5
14.5
16.0
10.5
19.5
11.5
12.0
10.0
21.5
13.0
11.5
11.0
10.0
29.0
13.0
13.0
13.0
19.0
23.5
13.0
29.0
14.0
11.5
15.0
24.5
11.0
9.5
10.5
22.5
21.5
13.5
11.5
20.5
14.5
18.5
12.5
13.5
11.0
26.0
13.5
10.5
15.5
15.0
20.0
11.5
15.0
15.5
13.5
27.5
16.5
29.0
15.5
22.0
16.0
28.0
34.5
12.5
15.5
14.0
14.0
21.5
22.5
26.5
14.0
21.0
18.0
18.0
23.5
18.5
16.5
15.0
17.5
12.0
16.5
13.0
14.0
14.0
29.0
20.0
15.5
25.0
19.5
21.0
16.0
14.5
14.5
12.0
28.5
19.5
15.5
14.0
14.5
14.5
16.5
13.0
20.0
23.0
42.5
15.0
14.5
15.0
11.5
18.0
13.5
20.0
11.0
13.0
15.0
16.5
37.5
25.5
25.0
27.5
29.5
11.5
17.5
18.5
20.5
24.0
29.5
19.0
19.0
18.0
31.5
19.0
14.5
21.0
17.5
42.5
17.5
14.0
41.5
15.5
20.5
18.5
15.5
36.0
24.5
15.5
22.5
16.5
28.5
43.5
11.5
27.0
22.0
21.5
28.5
17.5
40.0
23.0
21.0
16.5
14.0
16.0
19.5
13.0
16.0
26.0
14.0
15.5
31.5
16.0
30.0
18.5
16.0
18.5
17.0
24.5
19.5
26.5
34.5
13.0
14.0
28.5
29.0
36.5
14.5
23.5
21.0
17.0
26.0
17.5
33.0
28.5
15.5
17.5
38.5
14.0
20.5
44.5
37.0
18.0
13.0
40.0
26.0
21.5
38.0
16.5
36.5
26.5
18.0
31.5
27.5
25.5
30.0
19.5
16.0
12.0
20.5
15.0
37.5
24.0
24.5
27.0
19.0
19.0
24.5
27.0
17.5
29.0
21.0
23.5
29.5
32.5
41.0
20.0
33.5
27.0
24.0
36.5
37.0
50.0
54.0
21.5
25.5
37.5
41.5
21.0
41.5
30.0
23.0
26.5
37.0
28.5
18.0
25.5
42.5
18.5
26.0
33.0
16.0
40.0
16.5
18.5
46.5
16.5
35.5
22.0
21.0
36.5
27.5
42.5
51.5
37.5
28.0
31.5
28.0
28.0
38.0
19.0
46.0
25.5
49.5
49.0
31.5
57.0
34.0
38.0
61.0
42.5
46.5
32.0
26.5
25.0
34.0
33.0
53.5
25.5
48.5
32.0
43.5
19.5
43.5
71.5
28.0
71.5
54.0
71.0
22.0
39.5
24.5
36.5
61.5
27.0
52.0
66.0
15.0
39.0
43.0
33.5
29.5
52.5
38.0
67.5
23.0
27.0
54.0
26.0
38.0
21.5
25.0
17.0
24.0
31.5
89.5
42.0
36.0
34.5
36.0
