15.0
11.0
12.0
17.0
24.0
19.0
25.0
13.0
11.0
17.0
31.0
12.0
14.0
47.0
16.0
38.0
33.0
40.0
21.0
62.0
22.0
26.0
14.0
17.0
15.0
53.0
42.0
11.0
21.0
16.0
11.0
23.0
37.0
13.0
21.0
23.0
19.0
16.0
23.0
28.0
25.0
11.0
16.0
31.0
32.0
20.0
18.0
18.0
19.0
50.0
38.0
10.0
37.0
21.0
10.0
12.0
12.0
22.0
15.0
13.0
43.0
24.0
26.0
42.0
24.0
27.0
15.0
10.0
14.0
20.0
26.0
12.0
23.0
17.0
14.0
16.0
16.0
23.0
26.0
14.0
55.0
10.0
19.0
13.0
17.0
21.0
30.0
12.0
38.0
13.0
42.0
16.0
22.0
17.0
12.0
19.0
34.0
22.0
9.0
20.0
21.0
18.0
13.0
12.0
17.0
12.0
18.0
15.0
13.0
12.0
15.0
13.0
24.0
21.0
27.0
31.0
30.0
21.0
22.0
37.0
14.0
12.0
28.0
10.0
20.0
19.0
26.0
41.0
15.0
17.0
22.0
14.0
20.0
27.0
20.0
48.0
19.0
30.0
22.0
13.0
15.0
42.0
32.0
17.0
27.0
22.0
21.0
13.0
18.0
32.0
22.0
27.0
11.0
11.0
20.0
22.0
53.0
18.0
36.0
44.0
19.0
18.0
16.0
18.0
19.0
12.0
34.0
18.0
11.0
35.0
21.0
43.0
15.0
28.0
29.0
16.0
10.0
11.0
23.0
15.0
15.0
20.0
17.0
10.0
15.0
11.0
12.0
13.0
59.0
30.0
11.0
13.0
31.0
10.0
15.0
15.0
21.0
35.0
12.0
11.0
22.0
12.0
15.0
18.0
18.0
30.0
19.0
41.0
13.0
20.0
12.0
20.0
26.0
15.0
17.0
10.0
14.0
19.0
20.0
20.0
23.0
19.0
25.0
19.0
11.0
14.0
25.0
16.0
12.0
21.0
13.0
14.0
13.0
31.0
35.0
33.0
23.0
22.0
10.0
18.0
13.0
18.0
25.0
15.0
20.0
32.0
14.0
11.0
36.0
25.0
23.0
13.0
20.0
26.0
12.0
13.0
15.0
13.0
27.0
24.0
44.0
33.0
12.0
18.0
27.0
10.0
17.0
10.0
30.0
24.0
18.0
18.0
24.0
22.0
14.0
18.0
21.0
22.0
17.0
13.0
56.0
14.0
12.0
45.0
16.0
12.0
24.0
11.0
27.0
14.0
12.0
37.0
23.0
20.0
14.0
15.0
17.0
39.0
29.0
27.0
13.0
15.0
29.0
18.0
17.0
34.0
13.0
34.0
11.0
15.0
11.0
43.0
29.0
17.0
23.0
34.0
15.0
13.0
34.0
15.0
17.0
14.0
15.0
31.0
10.0
13.0
21.0
35.0
12.0
29.0
13.0
20.0
59.0
28.0
31.0
17.0
19.0
17.0
10.0
30.0
21.0
21.0
25.0
16.0
19.0
16.0
43.0
18.0
12.0
34.0
13.0
27.0
31.0
11.0
28.0
25.0
19.0
16.0
24.0
24.0
13.0
29.0
16.0
24.0
14.0
45.0
14.0
25.0
27.0
14.0
61.0
25.0
28.0
40.0
17.0
18.0
17.0
17.0
67.0
19.0
30.0
16.0
10.0
24.0
12.0
41.0
13.0
18.0
19.0
22.0
35.0
17.0
25.0
12.0
20.0
10.0
25.0
17.0
21.0
11.0
79.0
16.0
20.0
16.0
15.0
11.0
20.0
46.0
18.0
19.0
46.0
15.0
47.0
14.0
31.0
14.0
21.0
18.0
29.0
17.0
25.0
14.0
17.0
20.0
20.0
16.0
33.0
20.0
16.0
17.0
19.0
15.0
41.0
22.0
19.0
14.0
10.0
25.0
14.0
36.0
16.0
21.0
16.0
19.0
13.0
14.0
16.0
27.0
46.0
13.0
11.0
24.0
13.0
20.0
62.0
15.0
13.0
21.0
13.0
19.0
23.0
34.0
28.0
40.0
25.0
28.0
10.0
17.0
20.0
32.0
32.0
44.0
34.0
32.0
21.0
15.0
19.0
19.0
16.0
27.0
28.0
19.0
29.0
32.0
15.0
16.0
9.0
23.0
25.0
29.0
30.0
21.0
26.0
17.0
28.0
13.0
11.0
26.0
39.0
13.0
18.0
17.0
16.0
22.0
12.0
31.0
12.0
33.0
11.0
33.0
14.0
16.0
27.0
33.0
35.0
10.0
28.0
34.0
17.0
10.0
11.0
45.0
11.0
20.0
34.0
39.0
18.0
51.0
12.0
14.0
22.0
14.0
36.0
25.0
19.0
20.0
36.0
45.0
26.0
13.0
9.0
29.0
26.0
26.0
14.0
42.0
19.0
37.0
13.0
19.0
34.0
10.0
20.0
22.0
15.0
46.0
19.0
77.0
46.0
25.0
9.0
17.0
19.0
20.0
58.0
38.0
16.0
20.0
15.0
25.0
12.0
55.0
9.0
41.0
22.0
14.0
13.0
25.0
17.0
17.0
30.0
21.0
14.0
16.0
10.0
15.0
44.0
16.0
22.0
18.0
16.0
18.0
19.0
37.0
15.0
22.0
19.0
75.0
35.0
22.0
11.0
11.0
39.0
49.0
26.0
19.0
23.0
27.0
14.0
37.0
11.0
16.0
53.0
17.0
21.0
46.0
23.0
30.0
13.0
17.0
21.0
72.0
20.0
14.0
30.0
18.0
28.0
27.0
14.0
56.0
16.0
13.0
12.0
17.0
13.0
24.0
37.0
26.0
20.0
18.0
13.0
12.0
14.0
24.0
11.0
21.0
23.0
14.0
27.0
26.0
15.0
14.0
30.0
38.0
10.0
18.0
16.0
30.0
10.0
12.0
17.0
22.0
18.0
12.0
31.0
21.0
12.0
33.0
49.0
9.0
62.0
64.0
30.0
22.0
23.0
24.0
19.0
40.0
23.0
11.0
28.0
21.0
9.0
48.0
13.0
25.0
12.0
16.0
14.0
9.0
21.0
24.0
28.0
11.0
26.0
10.0
18.0
10.0
35.0
11.0
30.0
51.0
20.0
34.0
15.0
13.0
28.0
12.0
36.0
16.0
10.0
48.0
24.0
38.0
34.0
29.0
43.0
43.0
30.0
13.0
28.0
20.0
14.0
19.0
26.0
12.0
18.0
22.0
24.0
10.0
10.0
13.0
15.0
12.0
18.0
12.0
17.0
9.0
12.0
14.0
32.0
17.0
23.0
65.0
12.0
19.0
9.0
62.0
62.0
26.0
25.0
17.0
25.0
26.0
43.0
12.0
19.0
16.0
20.0
29.0
39.0
15.0
12.0
45.0
18.0
33.0
33.0
14.0
48.0
25.0
12.0
12.0
14.0
42.0
17.0
62.0
19.0
46.0
35.0
22.0
15.0
10.0
62.0
37.0
29.0
34.0
14.0
65.0
36.0
15.0
13.0
25.0
11.0
35.0
13.0
28.0
10.0
14.0
44.0
31.0
11.0
18.0
21.0
23.0
25.0
13.0
18.0
62.0
16.0
32.0
27.0
75.0
14.0
18.0
43.0
13.0
21.0
36.0
12.0
12.0
28.0
10.0
22.0
13.0
23.0
14.0
26.0
26.0
14.0
19.0
18.0
13.0
16.0
43.0
10.0
9.0
34.0
10.0
20.0
60.0
15.0
33.0
21.0
10.0
28.0
18.0
9.0
42.0
13.0
11.0
19.0
60.0
24.0
20.0
13.0
13.0
24.0
25.0
14.0
38.0
13.0
22.0
15.0
32.0
12.0
36.0
15.0
17.0
20.0
26.0
10.0
23.0
15.0
12.0
22.0
28.0
20.0
16.0
13.0
17.0
16.0
31.0
12.0
17.0
12.0
39.0
18.0
22.0
15.0
54.0
40.0
16.0
51.0
15.0
25.0
15.0
65.0
17.0
37.0
31.0
27.0
19.0
40.0
24.0
12.0
14.0
15.0
49.0
19.0
18.0
12.0
24.0
27.0
11.0
22.0
15.0
23.0
14.0
18.0
16.0
17.0
26.0
13.0
12.0
39.0
43.0
13.0
22.0
23.0
15.0
11.0
27.0
25.0
53.0
11.0
15.0
31.0
14.0
26.0
14.0
14.0
22.0
16.0
26.0
42.0
16.0
20.0
9.0
16.0
13.0
14.0
18.0
28.0
12.0
13.0
25.0
23.0
12.0
11.0
56.0
20.0
23.0
20.0
25.0
11.0
18.0
40.0
16.0
14.0
15.0
25.0
12.0
21.0
20.0
15.0
55.0
14.0
44.0
25.0
29.0
54.0
19.0
18.0
12.0
12.0
14.0
26.0
16.0
27.0
11.0
24.0
12.0
10.0
42.0
15.0
13.0
22.0
30.0
12.0
12.0
