40
168
75
100
31
66
55
83
65
136
130
140
111
181
88
63
97
99
115
90
99
55
53
81
62
97
90
63
123
71
74
124
157
97
79
98
96
58
67
115
127
57
60
101
154
66
107
82
66
94
141
119
49
82
91
93
82
200
126
85
133
77
70
97
127
160
124
105
67
81
146
107
88
114
87
121
78
61
57
68
69
109
133
67
105
149
105
69
65
70
81
200
150
92
82
114
156
94
103
90
136
66
66
127
158
69
63
87
57
59
101
173
76
76
91
83
200
100
84
111
75
123
80
110
127
77
72
86
119
65
58
108
116
94
71
193
91
110
103
65
184
82
103
100
86
133
200
68
72
122
79
81
74
134
140
124
115
149
182
72
129
118
95
148
121
126
147
75
148
122
73
190
71
120
96
127
73
63
80
105
174
95
130
172
76
163
154
97
103
70
116
136
120
109
109
179
165
124
140
140
70
73
93
117
91
88
198
200
141
88
92
110
155
200
121
200
80
114
147
78
83
157
91
170
123
99
144
152
129
111
87
124
85
172
75
165
72
77
175
118
172
87
151
130
86
84
169
155
77
77
138
133
133
100
101
142
91
171
81
80
177
134
138
94
167
163
122
79
115
149
117
135
115
140
117
134
171
124
84
200
133
82
181
78
146
72
110
129
75
79
97
140
186
120
86
127
93
182
101
156
200
120
161
185
200
195
122
120
115
129
151
177
138
99
199
161
113
161
86
156
184
148
142
174
166
139
155
178
81
95
137
99
200
162
115
147
155
169
104
187
126
127
102
138
193
168
166
164
189
154
155
198
200
193
200
125
176
159
161
149
136
146
181
200
166
180
171
188
167
169
173
200
105
175
145
195
144
142
200
170
146
200
144
189
200
194
169
193
188
159
197
119
200
143
172
189
184
200
166
151
194
143
200
197
200
200
200
200
140
148
200
163
200
146
151
195
175
175
174
196
144
200
162
200
167
200
200
200
187
200
152
200
200
200
200
200
134
149
200
148
200
200
200
200
200
200
200
200
143
168
200
200
200
200
181
134
193
161
200
200
200
150
200
200
153
142
188
190
200
200
144
200
173
200
200
200
200
139
200
144
176
151
192
178
162
200
200
200
200
200
200
200
200
200
192
200
173
164
200
200
200
200
198
150
200
200
200
178
200
200
200
200
196
200
200
200
200
200
200
200
200
200
200
200
200
193
200
200
178
200
179
200
200
187
200
200
200
200
200
200
200
200
200
200
200
200
200
200
200
200
200
200
200
200
200
200
200
200
200
200
200
200
200
200
200
200
200
200
200
200
200
200
195
200
200
200
200
200
189
200
200
200
200
200
200
200
200
200
200
200
200
200
200
200
200
200
200
200
200
200
200
200
200
200
200
200
200
200
200
200
200
200
200
200
200
200
200
200
200
200
200
200
200
200
200
200
200
200
200
200
200
200
200
200
200
200
200
200
200
200
200
200
200
200
200
200
200
200
200
200
200
200
200
200
200
200
200
200
200
200
200
200
200
200
200
200
200
200
200
200
200
200
200
200
200
200
200
200
200
200
200
200
200
200
200
200
200
200
200
200
200
200
200
200
200
200
200
200
200
200
200
200
200
200
200
200
200
200
200
200
200
200
200
200
200
200
200
200
200
200
200
200
200
200
200
200
200
200
200
200
200
200
200
200
200
200
200
200
200
200
200
200
200
200
200
200
200
200
200
200
200
200
200
200
200
200
200
200
200
200
200
200
200
200
200
200
200
200
200
200
200
200
200
200
200
200
200
200
200
200
200
200
200
200
200
200
200
200
200
200
200
200
200
200
200
200
200
200
200
200
200
200
200
200
200
200
200
200
200
200
200
200
200
200
200
200
200
200
200
200
200
200
200
200
200
200
200
200
200
200
200
200
200
200
200
200
200
200
200
200
200
200
200
200
200
200
200
200
200
200
200
200
200
200
200
200
200
200
200
200
200
200
200
200
200
200
200
200
200
200
200
200
200
200
200
200
200
200
200
200
200
200
200
200
200
200
200
200
200
200
200
200
200
200
200
200
200
200
200
200
200
200
200
200
200
200
200
200
200
200
200
200
200
200
200
200
200
200
200
200
200
200
200
200
200
200
200
200
200
200
200
200
200
200
200
200
200
200
200
200
200
200
200
200
200
200
200
200
200
200
200
200
200
200
200
200
200
200
200
200
200
200
200
200
200
200
200
200
200
200
200
200
200
200
200
200
200
200
200
200
200
200
200
200
200
200
200
200
200
200
200
200
200
200
200
200
200
200
200
200
