16
18
20
15
13
19
22
21
17
61
45
29
43
49
43
34
34
48
14
16
39
28
94
47
69
23
32
46
69
46
84
82
67
42
79
85
200
200
113
152
85
175
188
132
106
200
200
141
101
114
130
174
200
174
200
168
200
200
200
200
200
115
128
100
92
106
59
145
71
83
84
105
111
79
89
91
78
93
146
142
200
153
200
167
200
200
192
200
200
200
200
200
200
200
200
200
200
169
174
200
200
200
173
200
67
49
60
104
35
44
36
41
151
46
49
29
38
33
120
93
70
196
161
188
123
133
95
131
120
113
136
117
191
191
120
158
200
200
200
200
200
200
200
200
200
200
200
200
200
200
200
200
200
200
200
200
200
200
148
200
146
175
200
200
142
114
70
93
111
105
35
79
96
96
176
200
131
200
110
200
99
104
159
200
200
200
200
200
200
200
200
200
200
200
200
200
200
200
200
200
200
200
200
200
175
200
179
183
172
161
200
192
164
187
165
164
157
200
171
194
200
126
172
162
200
200
168
174
114
177
115
200
200
151
200
200
166
200
200
144
200
156
125
154
188
200
143
154
130
110
90
196
113
168
140
178
142
113
127
133
172
156
143
147
160
200
191
156
192
148
200
124
135
112
121
143
133
118
200
117
136
127
116
136
72
124
118
104
114
186
85
200
110
196
145
122
118
133
165
129
159
89
122
108
171
139
69
107
109
100
137
139
73
112
77
104
173
120
120
144
113
125
123
158
173
154
150
169
200
141
124
148
105
144
107
151
155
133
143
200
149
176
158
200
170
112
164
97
178
173
165
180
172
121
200
137
133
137
200
200
139
85
161
200
166
176
200
83
135
137
145
158
140
120
167
107
171
163
109
138
153
174
120
84
153
100
141
200
122
170
65
141
191
123
190
166
156
200
200
153
125
165
173
171
112
142
121
137
125
152
124
128
200
124
177
130
200
160
192
123
200
200
200
200
200
148
200
173
200
193
162
164
200
119
167
200
178
200
200
170
200
200
200
200
200
200
200
200
200
200
200
200
200
200
200
200
200
200
200
200
200
200
200
200
200
200
200
200
200
200
200
200
200
200
200
200
200
200
200
200
200
200
200
200
200
200
200
200
200
200
200
200
197
141
186
200
200
200
186
200
200
200
152
200
200
156
200
171
186
195
131
139
200
158
148
98
200
167
189
107
183
200
200
96
150
200
200
200
200
200
200
169
200
200
200
186
200
191
200
200
200
200
198
200
200
200
200
200
200
200
200
200
200
200
200
200
200
200
200
200
197
160
174
200
200
200
200
200
144
200
200
200
200
200
200
200
180
200
164
162
200
200
172
200
164
176
200
174
190
105
105
186
193
200
194
200
200
164
196
88
181
200
166
146
200
181
173
150
200
200
200
169
160
197
200
200
174
200
160
200
193
200
200
200
146
200
139
143
194
200
171
169
142
200
200
161
200
200
177
200
200
164
196
200
200
200
200
200
200
200
200
199
200
196
200
200
200
200
200
200
200
200
200
200
200
200
200
200
200
200
178
200
200
200
200
200
136
200
200
200
200
200
200
200
200
177
178
200
200
200
200
200
200
200
200
200
200
200
200
200
200
200
200
163
200
170
200
200
200
199
200
200
200
200
200
200
200
200
200
200
161
190
200
200
200
200
196
200
200
200
200
200
200
192
200
200
200
200
200
200
200
200
200
200
187
200
200
134
173
200
123
183
172
122
200
200
194
200
200
200
164
200
161
200
200
200
200
182
200
200
200
200
200
200
200
200
200
200
200
200
200
200
200
200
200
200
200
200
200
200
200
200
200
200
200
200
200
200
200
200
200
200
200
200
200
200
200
200
200
200
200
200
200
200
200
200
200
200
200
200
200
200
200
200
200
200
200
200
200
200
200
200
200
200
200
200
200
200
200
200
200
200
200
200
200
200
200
200
200
200
200
200
200
200
200
200
200
200
200
200
200
200
200
200
200
200
200
200
200
200
200
200
200
200
200
200
200
200
200
200
200
200
200
200
200
200
200
200
200
200
200
200
200
200
200
200
200
200
200
200
200
200
200
200
200
200
200
200
200
200
200
200
200
200
200
200
200
200
200
200
200
200
200
200
200
200
200
200
200
200
200
200
200
200
200
200
200
200
200
200
200
200
200
200
200
200
200
200
200
200
200
200
200
200
200
200
200
200
200
200
200
200
200
200
200
200
200
200
200
200
200
200
200
200
200
200
200
200
200
200
200
200
200
200
200
200
200
200
200
200
200
200
200
200
200
200
200
200
200
200
