40
23
48
9
32
32
58
16
39
39
27
82
85
37
46
35
44
55
52
72
41
23
42
110
40
46
100
61
52
76
39
50
56
27
59
75
36
84
74
70
67
40
40
72
53
60
62
90
48
103
116
51
123
51
67
38
68
67
85
60
177
67
79
56
71
51
110
109
65
55
66
59
60
56
78
58
70
57
65
109
71
120
200
56
50
51
57
67
200
86
84
155
55
72
154
61
51
67
124
56
116
74
87
61
171
121
49
47
115
70
49
54
180
200
97
200
200
61
129
65
78
68
171
62
64
68
200
57
128
58
59
70
74
108
70
63
72
89
99
200
122
69
63
66
69
132
58
61
132
200
158
87
156
94
118
62
153
129
152
200
44
79
66
72
160
52
76
93
131
82
61
165
58
63
102
54
122
84
136
125
62
60
67
156
99
107
104
65
53
49
65
200
63
169
66
53
88
171
122
61
82
59
53
46
82
82
87
58
105
61
172
60
49
56
56
82
66
54
48
100
90
77
74
67
106
51
57
85
72
54
82
180
63
61
60
89
66
200
66
56
46
68
70
66
60
60
81
59
80
64
200
113
99
44
83
200
159
127
156
124
94
59
74
44
63
59
55
60
172
71
53
65
57
62
200
50
55
80
149
88
58
96
80
139
62
100
71
66
132
70
68
81
41
52
100
75
62
80
75
113
117
135
84
107
184
54
89
56
80
93
66
55
94
83
57
83
80
143
127
68
54
62
76
59
73
61
80
48
94
81
50
71
91
51
55
71
60
53
73
86
73
62
45
76
42
58
62
53
47
53
53
70
60
74
69
50
52
76
83
98
78
85
132
58
90
45
91
118
48
98
92
71
61
63
77
91
47
57
51
76
47
58
44
75
42
79
41
37
62
53
84
53
55
51
80
68
96
56
45
57
45
102
42
47
50
48
84
77
61
42
68
93
61
83
62
81
54
118
91
62
55
67
89
88
47
105
41
107
95
62
56
110
56
71
100
46
133
46
46
47
38
44
59
55
77
64
43
77
99
49
49
74
50
59
35
43
41
54
60
38
32
75
122
34
38
99
78
45
163
40
51
42
53
82
58
62
54
58
35
92
48
69
53
57
51
47
35
62
54
35
62
47
50
40
39
37
54
51
64
81
58
62
41
31
30
36
36
31
39
58
40
28
50
25
54
72
47
37
98
46
37
52
31
29
30
52
49
33
55
56
31
61
50
40
35
57
36
41
30
37
36
26
52
46
33
39
29
60
35
27
42
39
40
36
47
26
46
33
65
42
49
37
31
39
48
31
30
45
39
34
30
35
30
28
40
24
47
44
29
26
40
52
26
30
29
40
28
25
32
33
41
32
25
47
21
32
23
31
35
33
25
41
32
26
33
30
35
40
32
39
31
48
41
28
41
39
47
25
30
45
31
37
27
28
34
39
23
24
25
29
33
52
16
36
20
27
20
40
27
21
25
35
34
24
30
18
21
34
33
23
33
29
28
39
31
28
32
27
18
40
35
27
34
27
27
29
33
24
23
23
32
20
25
28
20
32
21
40
28
38
21
28
26
23
27
25
23
30
22
28
27
31
32
23
30
33
26
37
20
25
30
38
29
25
24
35
26
22
21
24
19
27
18
16
26
30
19
17
25
15
26
26
33
21
13
29
23
31
35
30
26
22
28
22
30
35
24
22
20
23
17
29
23
15
20
22
23
39
28
19
22
16
34
21
27
21
23
20
37
34
32
29
32
27
34
33
26
43
18
31
29
20
28
29
20
26
26
32
24
17
32
21
34
25
30
23
24
27
27
47
20
44
25
17
40
42
32
20
32
29
16
40
29
26
26
24
18
33
26
22
34
38
25
26
35
19
30
16
27
34
21
17
27
17
30
24
20
36
24
23
20
29
15
37
25
20
22
33
20
15
27
28
24
38
27
19
16
24
22
29
27
25
15
30
39
31
20
24
20
27
26
19
24
29
34
19
23
36
24
25
13
28
39
32
23
20
24
18
27
22
25
34
34
26
17
29
29
15
26
20
20
19
19
19
27
30
33
23
22
37
33
20
14
29
25
18
30
35
19
23
30
33
18
25
19
32
20
31
40
23
19
15
20
15
15
34
31
23
23
19
36
37
23
15
16
21
33
36
17
25
28
24
27
32
27
24
52
20
24
34
35
27
20
16
35
21
18
21
21
41
18
22
32
24
23
16
22
31
26
23
19
19
19
31
18
55
27
26
20
23
19
13
28
27
27
33
29
20
38
45
25
21
30
22
20
23
27
43
34
27

