12.0
10.5
13.0
9.5
9.0
9.5
8.5
11.0
10.5
9.0
12.0
10.0
11.0
10.0
14.0
10.0
10.5
15.5
9.5
9.0
13.0
13.0
9.5
9.5
10.0
10.0
15.0
10.5
10.0
10.0
11.0
13.0
15.0
8.5
9.5
20.0
9.5
10.0
17.0
10.5
9.5
16.5
10.5
13.5
12.5
12.0
11.0
12.5
12.5
11.0
11.5
10.0
15.5
10.5
9.5
11.5
11.5
11.0
14.5
11.5
14.5
13.0
12.0
8.5
10.0
15.0
17.0
13.0
14.5
15.0
14.0
13.5
19.5
21.0
27.5
44.5
40.0
22.5
31.0
21.0
52.5
89.0
23.0
39.0
71.5
63.5
19.5
19.0
29.5
24.5
101.5
24.0
29.5
33.5
56.5
46.0
70.0
73.0
37.0
57.5
95.5
118.0
9.0
9.0
8.5
9.5
9.5
9.0
9.5
8.5
10.0
9.5
10.0
10.0
10.0
9.5
10.0
9.5
10.0
10.5
10.0
10.0
10.5
10.0
10.0
10.5
9.0
9.5
9.0
9.5
8.5
9.5
10.0
10.0
9.5
9.5
10.5
8.5
10.0
9.0
9.0
10.5
9.5
9.5
10.5
10.0
9.5
10.0
9.0
10.0
10.0
9.0
10.5
9.5
9.0
10.5
10.0
9.0
10.5
9.0
10.5
10.0
10.5
9.5
10.5
10.0
10.0
11.0
11.0
10.5
9.0
10.5
11.0
11.5
10.5
10.0
12.0
9.5
9.5
12.0
11.0
11.5
10.5
10.5
11.5
12.0
11.0
11.0
9.5
12.0
11.5
12.0
10.5
12.0
13.5
11.5
12.0
11.5
10.5
11.5
13.0
13.5
12.0
12.0
12.0
11.0
12.0
11.0
13.0
13.0
13.0
13.5
14.0
13.0
14.5
11.5
13.5
14.5
13.0
12.5
13.5
12.0
13.5
16.0
13.5
14.5
15.5
17.0
16.0
15.0
15.0
12.0
15.0
17.5
17.5
18.5
15.5
17.0
13.0
17.0
17.0
14.0
18.5
15.0
19.0
14.0
16.5
15.0
16.0
19.0
15.0
16.0
17.0
14.5
16.0
18.0
13.0
16.5
16.0
21.5
17.5
15.5
17.0
22.0
18.0
20.0
19.0
20.0
18.0
18.0
18.0
14.5
19.5
19.0
22.0
24.0
23.0
18.0
17.0
17.0
22.0
20.0
22.0
20.5
22.5
21.5
20.5
22.5
22.5
22.5
18.5
20.0
20.0
19.5
15.5
20.0
20.5
21.0
18.0
21.0
20.0
21.5
21.5
16.0
18.5
21.0
20.5
19.5
15.5
22.0
21.5
21.5
22.5
18.0
20.5
16.0
19.5
24.0
21.5
19.5
21.5
24.0
21.0
21.0
23.5
20.5
20.0
26.5
27.5
22.5
18.0
22.5
22.5
21.0
24.5
23.5
28.5
23.0
25.0
21.0
22.0
25.0
23.5
24.0
26.0
23.0
22.5
23.5
27.5
20.5
22.5
23.5
32.5
33.5
25.0
29.0
27.0
36.0
27.5
25.5
38.0
31.5
25.5
36.5
36.0
32.0
28.5
33.0
30.5
25.0
32.0
33.5
39.5
51.0
33.5
32.5
45.5
47.5
54.0
54.0
54.0
55.5
61.5
90.5
87.5
37.5
46.5
57.5
92.0
138.5
33.0
131.5
17.5
20.5
18.5
22.5
18.5
41.0
38.5
56.0
47.0
59.0
28.0
87.0
89.0
26.5
26.5
25.5
32.0
28.0
28.0
30.5
23.0
24.5
24.5
25.0
31.5
27.5
21.5
26.0
27.0
21.0
20.0
26.5
21.5
24.0
22.0
23.0
22.5
22.5
25.5
21.0
21.5
22.5
18.0
21.0
21.0
20.5
19.5
19.5
23.0
19.0
26.5
19.0
22.0
18.0
21.5
22.0
22.5
19.5
19.5
19.5
19.0
21.5
19.0
18.5
18.5
19.0
15.5
17.5
22.5
21.0
18.5
23.0
20.0
21.0
20.5
21.5
25.0
22.0
22.5
16.0
23.0
22.5
20.0
22.0
22.5
24.0
19.5
18.0
19.0
22.5
21.0
19.0
19.0
24.5
21.0
20.5
21.0
25.0
22.5
21.5
23.5
24.5
21.5
27.5
19.5
23.0
28.0
21.0
