130
105
80
180
215
65
30
110
45
135
440
125
70
120
105
150
100
120
140
210
85
105
135
260
105
105
165
115
50
80
90
270
210
80
135
245
305
125
215
120
240
205
105
80
140
120
525
135
80
110
75
335
330
155
315
85
215
105
105
110
105
210
125
35
255
180
135
650
50
320
165
110
110
230
155
165
215
105
210
210
105
0
80
180
305
105
135
470
180
255
210
180
180
70
135
125
90
45
300
205
45
120
355
225
105
250
45
135
180
100
140
80
340
110
180
160
230
350
135
225
155
130
125
170
165
105
210
85
95
220
65
160
160
10
125
80
160
275
120
310
320
155
10
125
110
145
380
180
75
170
155
120
210
255
150
105
130
460
210
60
205
100
120
150
170
35
100
225
145
90
215
115
150
105
125
180
80
380
165
110
275
125
110
250
45
35
185
125
230
155
185
175
135
155
180
65
20
265
175
115
165
155
20
135
45
185
155
55
160
80
30
310
180
125
105
275
70
150
110
390
50
125
205
35
300
160
425
90
155
155
360
515
155
210
165
180
265
50
80
100
305
15
75
185
105
130
165
65
80
130
25
100
195
85
125
160
125
245
90
60
65
120
345
100
135
140
105
65
80
75
45
195
185
35
95
75
120
30
200
125
265
220
335
140
250
55
465
180
35
450
200
35
120
75
85
30
140
160
65
325
200
140
185
120
325
55
135
220
340
175
280
65
110
260
155
215
150
35
50
140
55
120
55
110
290
295
105
180
250
240
660
465
45
60
175
170
85
250
85
290
135
125
525
470
365
140
20
265
125
40
75
90
60
160
125
165
55
195
265
385
205
120
220
25
105
90
105
630
80
30
125
185
50
70
290
370
45
320
65
285
160
150
135
525
220
60
135
305
180
240
70
290
270
260
45
75
155
405
55
40
70
100
10
265
80
35
40
145
220
65
80
190
145
345
40
200
295
195
140
290
250
145
140
140
35
260
160
80
270
260
125
105
65
260
135
95
335
340
20
140
100
15
135
105
275
65
30
425
75
140
85
20
40
20
125
445
115
160
295
210
160
75
70
95
90
65
185
55
60
115
510
165
215
120
145
50
120
200
150
275
110
215
200
155
280
30
70
175
535
250
215
85
100
160
85
155
510
80
165
145
105
100
95
55
40
320
70
135
125
155
55
235
35
245
685
55
290
210
310
460
355
110
110
50
195
80
215
40
15
275
65
390
155
45
35
145
50
170
205
295
290
215
85
250
100
440
130
90
40
425
75
230
475
95
50
170
125
55
60
40
60
110
305
125
55
55
100
110
70
65
475
140
155
250
190
635
245
365
60
40
30
65
170
65
95
140
310
45
140
80
45
160
225
295
90
385
125
260
45
175
540
180
510
15
75
265
65
175
270
85
225
70
35
145
115
180
195
360
160
310
150
200
125
175
65
200
100
100
80
55
40
315
275
35
165
135
180
165
45
35
90
545
135
45
90
235
180
115
70
150
415
40
80
45
50
380
10
235
645
525
65
285
135
125
20
80
190
175
60
60
35
55
120
180
185
50
145
595
100
150
115
95
145
50
150
130
190
100
295
180
25
105
95
325
345
230
110
60
50
300
115
40
40
165
80
325
290
160
155
355
290
85
55
120
90
125
55
280
265
165
140
115
85
70
80
45
65
155
195
205
120
280
375
30
170
35
325
75
40
80
100
190
410
30
270
210
245
85
105
95
45
85
20
20
50
225
80
275
35
395
95
335
145
125
60
35
115
205
215
75
365
20
185
80
155
50
145
85
20
280
280
325
150
70
25
35
125
220
215
80
120
575
65
250
275
375
95
95
25
70
285
80
575
135
220
220
165
50
100
160
405
395
35
195
115
240
100
220
190
440
25
145
95
130
100
55
390
435
80
125
30
85
260
120
85
115
135
185
75
130
230
35
60
150
50
150
125
90
220
185
85
180
180
75
235
180
130
110
255
80
195
120
70
25
70
525
70
125
165
620
50
125
135
135
80
70
65
40
75
125
35
115
340
265
35
340
105
195
130
135
310
60
115
165
265
265
340
200
75
195
40
185
170
155
55
45
125
100
205
110
435
155
65
65
180
95
105
75
125
215
120
120
215
140
75
215
115
250
40
250
95
20
225
90
55
30
315
130
230
170
230
265
85
325
330
280
245
60
100
300
15
120
410
120
105
210
45
40
160
290
50
255
365
595
260
145
170
160
170
65
280
50
165
60
90
475
155
60
35
165
75
125
70
135
110
235
130
250
275
105
550
390
465
50
325
405
280
115
415
35
115
155
40
375
65
30
260
375
210
35
80
100
60
95
105
75
70
325
420
120
340
155
50
90
115
130
90
170
255
365
115
120
240
125
145
70
35
115
190
170
190
145
60
185
370
190
130
15
120
230
55
175
195
130
55
245
50
60
75
15
235
70
30
55
40
260
215
45
55
415
135
35
170
180
15
30
75
60
75
190
120
395
190
235
90
125
35
80
185
135
225
390
140
195
345
130
405
405
100
205
65
675
165
195
515
240
30
45
340
505
150
150
260
80
150
385
35
100
155
120
195
50
125
25
60
230
380
310
220
145
150
25
400
175
210
160
230
255
220
130
65
140
505
395
110
205
340
220
190
80
100
240
170
155
530
75
300
220
45
110
245
175
40
160
155
45
130
90
90
220
65
110
160
100
255
160
65
145
50
40
150
455
265
70
105
185
260
0
45
205
135
285
15
40
20
185
195
290
220
225
40
20
95
30
230
275
260
285
180
280
130
35
730
235
55
130
130
80
350
205
70
425
280
40
175
215
30
235
210
110
100
195
165
50
130
170
245
45
130
60
145
165
345
150
145
90
35
210
60
20
120
80
265
155
100
40
225
120
50
270
485
110
165
300
135
140
170
340
85
410
70
45
205
320
170
350
75
265
345
140
355
165
25
510
100
225
115
450
430
50
235
80
190
240
85
90
305
15
45
270
425
80
120
200
245
275
45
35
650
80
70
55
80
145
140
65
290
205
20
165
195
145
45
510
330
110
60
130
240
100
250
95
75
215
100
25
130
85
80
85
280
60
90
260
45
195
225
110
360
35
30
400
100
55
275
40
365
265
355
100
110
90
85
110
210
310
95
135
155
195
405
115
370
230
60
245
105
225
60
130
75
60
50
105
80
190
150
380
215
320
195
80
155
155
300
80
335
55
45
135
30
75
230
110
35
105
240
235
210
75
165
130
85
405
80
20
145
100
245
95
45
45
310
90
165
290
210
220
95
80
335
105
75
185
60
35
50
45
465
35
210
50
105
115
160
305
235
230
125
275
385
260
140
60
240
270
310
355
80
175
80
130
205
430
160
205
35
530
20
345
340
20
130
120
70
65
220
105
105
140
115
45
55
140
355
350
165
330
25
70
220
205
155
265
140
195
325
65
440
175
45
50
75
185
205
175
275
140
150
290
110
70
60
425
195
10
460
235
460
95
335
45
55
160
20
195
200
165
65
445
325
35
155
65
105
230
105
305
95
50
135
45
80
165
705
185
215
235
115
80
40
385
30
185
155
85
85
50
165
110
30
330
800
110
80
190
185
40
80
290
310
85
75
110
105
115
110
275
30
185
90
95
100
80
140
205
575
275
115
295
355
165
160
305
185
105
25
215
230
20
160
65
235
60
160
50
50
210
20
180
25
195
80
130
50
80
485
400
110
35
215
80
520
30
70
65
30
120
355
160
570
55
180
80
185
55
185
50
135
260
105
410
90
55
155
155
145
45
125
40
30
285
575
45
185
30
235
45
215
55
140
280
60
120
65
40
190
55
100
165
385
130
185
205
85
20
100
85
105
75
130
205
495
235
205
70
30
190
285
5
120
155
35
110
195
305
35
120
170
90
55
180
40
30
775
45
320
65
130
520
305
225
25
185
80
235
90
145
225
325
150
135
80
120
5
540
225
240
340
140
145
135
220
95
275
125
10
90
115
80
200
175
30
180
90
90
155
145
75
30
230
145
115
340
95
170
115
145
30
405
260
330
170
45
195
80
80
175
160
85
155
15
205
65
110
180
75
140
285
135
115
40
25
185
75
365
210
55
105
70
250
70
80
185
140
140
135
335
135
180
195
245
395
45
195
70
25
200
100
430
30
140
175
50
440
10
65
0
230
480
180
20
125
195
65
260
20
175
110
175
60
20
205
395
200
25
35
235
340
360
25
75
535
40
250
390
255
45
75
80
255
75
75
265
170
290
35
65
230
130
190
90
200
20
360
320
150
225
230
275
120
35
400
355
45
45
185
420
195
90
110
470
155
200
55
100
195
95
50
265
155
220
205
50
80
155
165
160
125
190
180
25
55
280
95
180
185
145
425
55
235
65
255
145
145
190
50
265
105
315
65
175
110
420
330
280
70
80
155
135
125
85
50
195
120
660
260
135
170
80
80
80
65
275
110
255
100
220
115
50
115
40
175
90
45
85
195
50
290
25
40
45
50
50
250
120
25
370
70
105
85
115
140
240
220
10
5
150
215
100
185
30
95
145
475
50
150
90
285
215
130
320
200
55
255
455
115
110
65
370
235
75
120
220
55
95
120
200
470
90
40
40
205
210
135
40
25
185
135
215
90
30
405
95
135
160
250
490
145
130
170
180
140
240
555
155
290
210
60
195
125
185
200
135
90
180
205
180
520
115
160
245
125
195
105
75
85
395
185
140
105
205
140
575
170
230
150
180
230
400
135
220
440
110
115
110
260
155
165
115
105
160
130
265
120
70
245
265
65
130
180
180
310
145
445
80
70
165
145
125
175
40
95
45
55
110
100
100
105
210
125
420
165
20
75
225
125
60
535
160
150
385
220
170
485
10
140
180
245
60
340
170
160
160
55
135
145
65
135
185
165
155
100
210
200
85
245
220
225
160
100
135
150
240
245
420
155
115
170
265
430
295
220
35
165
210
410
65
105
110
80
210
180
95
320
90
165
130
150
200
135
175
95
190
140
90
90
160
80
115
75
160
50
425
170
250
130
85
255
325
165
65
140
220
130
225
190
180
75
110
150
65
415
105
335
185
175
185
645
25
55
210
230
170
135
415
375
240
365
150
110
130
120
120
205
120
50
175
285
145
10
180
520
75
155
0
155
90
25
140
185
170
105
400
140
155
60
130
140
140
160
540
155
55
150
240
250
130
55
420
20
160
140
160
55
90
140
130
210
65
15
55
195
70
185
345
70
165
145
95
280
250
50
435
220
235
120
240
75
135
50
125
230
55
100
105
20
155
105
135
175
165
170
305
230
65
175
150
125
245
125
135
445
220
75
215
55
20
235
50
185
140
150
445
0
115
115
215
265
230
150
205
410
75
200
140
190
160
170
175
70
115
40
360
205
115
225
235
255
205
400
235
375
240
130
185
45
210
160
40
450
200
210
70
420
175
30
55
135
105
155
205
205
165
185
195
215
205
155
140
160
140
35
160
420
160
90
230
40
445
195
130
100
155
145
105
125
185
175
200
140
235
125
195
170
110
120
245
165
245
135
240
45
440
360
280
245
235
600
220
215
40
50
235
540
155
75
395
65
25
115
110
260
160
185
155
135
230
360
275
220
190
165
185
150
195
115
250
95
150
265
255
255
395
125
435
275
375
125
120
160
195
215
115
140
115
240
125
120
385
75
170
200
515
235
20
65
205
155
130
110
395
35
195
275
230
190
155
185
185
140
185
140
120
90
240
125
155
120
165
255
200
445
35
425
405
165
140
430
410
235
175
140
155
285
95
200
35
525
200
35
235
225
640
215
225
40
160
225
505
90
180
105
180
175
90
240
115
90
390
155
210
180
140
205
755
90
225
450
490
130
165
190
345
80
470
135
215
400
165
105
180
165
125
225
120
85
220
195
140
190
225
215
230
30
150
215
230
195
75
225
155
370
260
175
145
70
70
270
75
155
170
230
220
55
35
235
155
55
250
185
95
125
220
390
390
200
175
150
225
210
85
135
170
120
180
140
25
90
150
115
120
470
90
95
155
195
535
240
190
180
130
220
170
65
15
40
130
170
180
40
110
140
210
190
200
115
70
215
80
245
200
325
270
220
195
220
240
145
160
520
445
90
300
440
240
165
175
75
100
235
180
80
320
305
215
370
400
480
120
195
145
165
165
215
40
145
225
60
15
75
180
80
70
285
150
90
140
120
530
180
225
520
125
90
40
430
70
360
160
200
160
600
75
95
70
140
180
115
160
130
240
105
190
165
465
220
140
155
325
85
40
205
370
180
235
220
100
115
525
265
355
70
230
215
225
115
220
115
225
345
140
15
320
135
295
130
225
155
270
190
105
145
35
130
40
235
85
170
120
210
115
25
90
490
180
435
60
45
110
405
95
125
170
370
155
265
135
105
130
465
180
130
110
150
285
80
25
45
195
175
45
80
70
60
135
75
150
95
160
250
120
140
150
50
275
100
225
80
225
80
290
180
130
200
220
260
310
135
65
170
205
255
200
325
40
360
230
205
265
410
70
170
105
205
215
175
185
555
195
175
455
35
250
170
475
235
170
160
20
205
320
145
370
60
185
305
160
45
80
105
385
225
240
210
640
190
145
125
160
295
225
90
180
100
430
260
210
495
220
200
395
135
100
440
130
230
225
80
470
290
140
375
170
215
390
135
370
190
215
95
310
450
65
145
240
150
15
265
250
480
215
490
405
170
150
160
380
75
120
265
405
180
235
155
185
185
240
230
115
140
140
175
400
140
300
120
205
445
430
210
85
170
140
275
280
165
505
105
525
335
130
190
130
210
130
230
110
125
155
230
185
75
90
260
165
110
250
200
105
145
225
385
150
450
125
180
420
500
165
390
405
150
155
435
170
175
220
425
445
110
460
155
390
205
295
205
105
205
225
170
230
130
215
170
230
430
160
130
140
345
45
225
425
150
415
410
280
140
40
65
555
155
215
575
170
395
20
370
175
140
45
160
315
115
30
420
150
480
360
135
120
390
210
435
350
105
165
145
200
195
430
90
505
180
225
160
125
110
245
220
230
145
380
145
240
150
50
140
95
215
110
140
140
20
220
110
145
215
225
55
155
110
30
430
55
260
140
320
185
75
145
325
265
215
380
130
265
280
140
115
245
145
220
120
60
295
10
175
175
290
130
200
180
170
150
30
170
105
140
145
395
220
125
335
115
80
95
95
445
195
245
170
500
170
225
165
120
255
180
190
280
135
355
245
210
125
650
60
445
65
120
140
130
345
220
110
140
320
20
160
190
415
75
300
335
165
30
220
155
45
185
210
65
405
85
50
100
140
140
395
380
95
150
385
245
250
180
145
85
395
375
185
145
390
25
125
175
230
165
135
65
255
155
345
220
500
110
185
125
180
145
90
75
165
60
100
225
245
110
100
155
15
120
240
85
150
170
130
165
150
200
135
190
155
155
120
95
125
140
515
440
350
130
475
220
250
335
140
80
175
135
635
500
260
190
235
115
295
560
230
195
295
200
90
450
250
335
40
40
165
445
185
455
480
190
340
210
270
325
310
165
95
985
165
205
220
120
165
150
190
150
415
120
150
120
375
760
145
320
15
120
80
165
330
415
80
160
405
65
145
180
135
120
415
150
185
235
290
145
225
160
40
160
180
135
155
115
375
215
450
405
170
105
360
280
145
255
450
180
110
165
425
425
105
160
155
205
100
145
75
145
120
130
150
260
35
115
210
20
385
165
365
170
385
125
205
110
55
190
250
425
225
445
185
445
280
145
160
130
125
85
150
265
110
150
150
185
175
145
300
175
55
270
630
180
440
125
215
165
115
130
105
145
390
305
265
200
245
80
240
160
65
110
365
125
65
230
95
125
195
230
215
205
215
220
210
115
420
295
235
240
225
215
220
430
285
245
145
110
160
230
220
150
310
120
175
110
120
135
230
130
610
210
210
250
475
265
385
205
65
155
70
360
175
415
240
245
95
270
135
140
145
200
145
170
130
170
110
475
155
160
145
75
140
175
375
130
200
190
190
55
280
145
150
215
55
270
215
115
465
150
65
465
210
205
420
110
250
185
420
225
350
220
335
170
385
320
320
175
175
145
130
95
200
165
245
235
185
135
120
535
155
255
95
120
365
220
155
205
230
85
215
205
195
710
110
275
355
285
180
235
125
95
300
335
195
220
270
165
140
210
400
100
105
50
205
235
160
225
260
460
190
470
245
460
185
295
430
470
215
115
140
60
175
60
280
285
175
155
90
135
90
285
170
165
395
155
200
280
110
470
230
205
65
225
230
370
45
170
225
80
220
225
375
95
60
105
100
195
80
195
230
485
245
430
220
240
195
310
200
195
125
225
170
235
155
145
245
405
90
105
300
410
120
220
105
225
160
530
415
235
170
135
90
135
195
140
140
70
75
465
140
225
100
345
80
175
75
80
190
20
175
410
165
310
160
215
140
90
465
405
75
465
155
190
200
170
125
35
430
405
185
225
625
130
40
130
415
170
255
300
55
235
85
245
410
80
250
140
120
130
245
160
190
150
210
120
185
160
170
130
635
20
150
260
170
165
210
35
100
190
95
105
65
120
155
165
70
125
285
115
410
195
160
170
60
210
130
155
145
150
155
75
165
395
50
85
75
25
170
470
150
200
20
115
155
90
140
135
190
70
205
35
125
120
190
220
125
240
215
140
150
210
130
85
85
190
85
160
195
395
185
85
120
250
10
270
180
70
170
75
55
70
180
150
150
365
15
150
165
245
25
300
100
200
185
170
310
65
210
20
175
555
100
45
130
140
145
335
70
220
165
245
430
225
95
115
170
195
195
165
115
20
85
465
110
135
725
20
20
215
525
190
185
105
85
390
115
170
165
130
50
190
160
170
185
165
70
225
185
215
380
160
345
250
215
115
180
340
115
310
90
95
510
450
150
560
220
140
185
290
105
95
95
520
230
160
170
130
125
105
55
105
65
185
45
150
90
150
240
105
170
150
180
130
95
50
180
175
265
100
195
125
155
150
260
200
400
230
160
400
180
450
100
210
70
75
100
40
115
70
195
175
150
45
40
195
95
265
30
225
175
200
140
205
310
210
135
205
205
120
205
170
165
85
55
270
75
125
190
20
75
85
180
155
385
355
405
180
65
60
225
175
175
180
235
50
215
465
130
200
350
90
50
170
150
265
155
75
245
430
340
130
125
25
220
470
165
60
155
410
35
175
345
110
205
50
310
45
285
220
100
255
240
375
50
95
70
140
30
25
440
190
210
355
145
140
300
505
430
1020
315
155
180
245
210
50
130
355
125
10
235
35
25
165
385
265
150
65
200
150
155
100
60
315
135
445
95
125
175
235
165
45
130
300
425
225
90
70
155
145
165
135
235
80
100
60
100
135
150
155
50
170
405
25
455
245
150
225
400
90
135
155
125
190
465
170
95
380
215
160
25
150
140
70
115
220
270
135
190
20
215
415
180
110
380
165
125
25
65
255
175
35
185
210
85
70
185
175
75
45
55
75
195
115
115
150
140
80
135
55
80
30
360
95
185
95
270
120
85
20
20
160
490
85
240
85
290
375
175
415
55
95
100
40
180
70
175
100
420
230
195
405
210
80
160
125
110
295
425
190
150
180
450
235
45
160
185
95
135
125
155
215
490
250
35
235
155
120
45
60
140
190
170
170
100
510
205
255
215
60
85
185
370
470
115
40
115
130
310
280
180
585
160
140
195
510
140
175
165
300
200
205
175
215
170
105
65
85
430
380
175
235
210
735
165
175
170
255
240
290
300
270
250
255
105
120
170
130
340
95
115
105
220
165
150
105
100
160
230
540
20
155
75
570
370
530
85
120
85
295
145
145
85
325
215
140
210
195
205
80
185
155
150
220
195
200
235
220
520
135
190
185
360
160
130
160
370
315
160
25
425
120
65
135
185
105
70
165
110
365
220
190
160
300
265
170
195
235
190
275
165
125
180
220
140
150
185
85
205
105
20
400
140
235
35
235
155
35
395
420
205
360
195
320
195
165
250
190
245
175
185
440
155
35
35
80
185
585
160
305
160
125
150
175
150
45
225
145
185
105
180
435
90
155
165
160
125
115
180
170
255
270
125
450
450
280
380
155
250
160
220
215
285
230
250
125
375
115
190
140
240
285
185
230
265
235
155
160
295
125
140
155
225
200
140
225
190
225
235
275
215
195
155
165
430
165
265
155
455
145
325
220
215
430
435
140
285
355
130
185
200
330
220
65
225
195
125
450
170
265
545
170
490
225
295
180
175
280
240
130
375
325
340
155
520
175
215
165
120
145
275
200
715
240
20
165
135
280
260
180
150
245
125
275
175
235
625
200
280
215
185
35
55
410
255
195
150
520
175
335
170
275
125
335
140
415
125
215
260
355
110
250
195
215
130
175
145
810
220
300
120
200
40
250
185
250
230
75
135
190
270
205
190
250
195
150
220
215
210
165
230
415
130
145
250
215
270
220
360
230
380
85
300
185
35
160
425
215
225
155
160
430
320
275
385
195
45
455
455
175
235
545
310
365
105
230
140
205
145
190
215
230
235
215
115
160
220
205
445
195
220
185
165
150
85
180
420
250
360
235
235
290
215
230
130
300
80
190
170
425
225
175
155
245
165
190
150
110
50
235
220
400
155
150
170
520
275
55
25
430
185
95
465
315
425
255
95
370
135
165
265
245
280
685
295
215
475
230
200
250
215
40
120
90
225
340
725
185
180
140
150
170
245
190
260
225
240
150
155
480
175
200
160
175
265
270
180
195
190
145
160
210
270
165
235
190
210
155
140
190
225
145
215
265
245
140
220
265
45
140
500
320
165
250
210
260
105
320
235
185
85
230
190
195
195
450
210
120
390
165
480
170
70
225
130
95
445
225
140
140
275
175
245
160
195
145
215
100
115
320
285
135
205
135
170
155
250
565
265
325
415
230
190
155
275
225
545
125
150
205
375
295
180
215
200
45
220
315
270
425
340
70
195
185
135
175
190
250
445
200
210
180
165
220
450
230
475
210
445
170
210
435
130
420
190
265
145
215
10
195
215
225
590
50
135
430
235
130
360
275
215
245
450
185
40
565
260
190
415
125
125
40
75
135
295
225
295
420
260
210
275
150
295
40
135
195
230
430
200
235
175
295
115
235
425
415
95
85
285
245
105
205
140
205
240
190
185
400
210
235
250
175
175
140
210
260
235
130
125
335
85
190
175
165
215
290
510
275
170
385
340
210
385
230
130
145
145
200
220
405
225
130
175
160
145
165
375
140
380
320
460
435
320
390
255
350
205
275
130
150
375
120
45
185
190
420
150
290
190
195
180
205
385
235
420
215
175
170
670
390
115
270
525
165
190
195
560
380
265
215
380
150
235
150
190
225
180
250
395
290
265
205
430
140
395
615
215
440
420
135
305
205
465
460
170
230
190
225
340
275
295
220
280
535
220
210
220
205
475
110
170
145
150
430
140
375
185
225
220
140
245
190
150
245
215
150
210
165
160
170
260
420
60
90
215
195
385
425
190
155
230
130
195
205
420
505
260
475
215
135
245
235
250
185
130
230
175
200
215
315
235
280
165
270
130
130
410
140
165
155
250
390
205
145
170
250
220
260
565
420
115
130
155
155
190
275
150
100
400
355
285
195
425
225
225
105
265
230
260
395
370
150
195
225
505
120
50
235
235
350
660
165
295
120
185
110
130
315
390
165
515
215
220
240
205
235
315
125
450
205
430
185
235
145
225
150
165
280
420
180
270
270
165
615
195
215
195
50
260
155
620
390
410
135
115
225
75
260
420
205
480
245
95
190
530
235
585
445
230
145
305
320
455
530
450
425
240
310
130
415
265
410
470
360
240
205
235
230
255
220
415
325
465
165
150
150
430
445
140
265
130
490
235
285
360
470
625
215
220
170
235
195
235
240
445
185
130
215
195
160
235
220
150
205
240
160
440
445
900
90
275
515
220
170
430
105
185
225
230
180
190
245
225
500
145
235
400
195
175
95
250
80
215
190
210
220
145
85
180
205
210
135
190
430
140
240
205
520
225
170
160
175
265
280
15
435
720
220
430
120
140
150
165
225
275
215
220
275
280
245
250
385
150
180
140
230
190
275
215
250
285
265
55
235
455
20
30
225
280
290
175
170
135
135
145
375
150
215
105
180
115
185
160
210
140
45
145
150
190
225
525
245
180
195
325
125
185
315
95
220
130
160
225
155
205
215
215
620
120
245
210
545
700
210
205
495
405
305
200
225
215
225
115
340
425
200
310
305
195
115
205
215
320
160
210
175
125
130
250
255
425
275
240
275
170
120
250
410
400
205
425
165
120
90
270
220
220
165
260
220
225
410
220
140
210
215
395
425
255
425
195
175
420
490
80
375
145
175
230
220
260
260
425
295
230
185
170
220
195
130
450
130
190
290
235
140
420
450
200
125
205
260
235
220
180
260
130
220
430
235
230
230
220
295
215
210
465
480
220
190
380
210
65
105
265
25
235
135
155
205
90
280
160
275
325
180
395
195
295
490
215
430
240
530
220
375
260
170
435
210
520
215
295
285
190
150
205
110
520
120
220
200
240
215
150
255
175
380
235
145
205
190
130
165
155
470
450
215
95
145
365
255
160
225
225
125
175
280
725
260
250
215
200
595
235
290
515
170
440
220
195
160
155
170
290
155
325
620
440
420
280
255
120
220
295
160
160
205
185
125
185
190
145
565
250
95
405
170
240
410
240
255
260
215
190
250
225
155
390
140
260
230
190
195
420
300
140
320
455
250
235
220
225
225
55
160
165
145
220
255
215
425
310
150
455
130
305
215
170
180
235
115
140
225
230
50
190
160
250
220
95
170
255
255
220
110
195
365
205
185
390
140
225
190
145
160
655
250
210
150
295
215
260
335
240
260
55
250
135
520
395
215
230
430
130
155
155
190
170
615
230
215
25
235
480
525
270
205
160
175
135
275
230
245
125
300
240
85
155
250
430
390
225
190
115
205
120
540
210
220
480
490
325
275
110
35
135
150
465
225
285
205
150
130
215
155
215
295
140
445
220
25
180
175
215
270
200
275
305
795
325
205
305
160
335
245
185
140
170
235
175
145
265
250
410
190
280
180
125
780
460
175
250
625
155
405
505
225
350
215
245
245
130
630
205
240
220
220
400
465
75
220
310
225
375
430
230
155
150
145
240
570
240
145
295
175
55
220
100
260
120
140
545
175
185
145
715
290
230
160
70
160
180
215
250
255
145
210
395
110
325
220
220
330
395
275
140
230
255
410
255
105
220
220
265
250
265
160
300
175
210
155
190
220
160
380
140
170
110
255
55
120
150
125
155
25
100
110
245
440
260
40
185
195
50
455
305
340
385
145
30
770
200
360
60
30
70
570
400
480
155
340
120
165
270
135
100
425
230
215
180
460
175
300
390
215
115
185
165
110
100
225
360
275
305
410
390
130
175
175
100
15
185
575
70
170
180
150
145
145
170
185
225
345
85
190
125
165
85
170
380
180
275
190
445
410
115
65
195
15
330
45
195
75
285
415
255
105
345
60
220
205
145
290
325
170
95
200
70
210
15
140
255
230
400
130
330
280
110
195
545
270
180
250
145
335
50
125
220
185
165
135
220
140
275
310
480
235
245
95
190
175
530
150
65
185
115
165
220
160
165
50
310
290
145
190
160
195
555
200
170
230
110
25
290
95
640
170
385
435
220
215
110
210
510
155
275
185
235
145
375
145
275
280
180
170
105
70
270
80
120
140
250
10
235
150
150
145
180
55
165
435
485
150
115
180
15
210
125
160
65
485
90
210
110
170
215
40
190
340
145
175
105
210
300
235
185
85
160
150
440
15
145
110
15
100
170
150
35
720
135
80
50
430
330
345
155
215
195
60
150
115
180
215
175
70
170
140
50
155
265
20
170
290
410
550
100
240
75
100
85
65
185
110
125
100
445
160
280
210
215
165
440
215
115
160
190
215
155
95
160
65
190
85
135
220
325
155
10
105
165
310
170
110
220
195
220
100
180
75
385
255
125
150
40
215
110
610
245
120
65
125
55
195
305
195
120
380
200
120
215
90
45
225
125
250
110
190
90
225
395
405
160
145
180
45
100
150
425
220
140
85
145
215
205
220
240
210
190
350
255
170
550
350
330
180
95
205
215
155
180
395
110
130
20
45
275
60
420
150
170
265
590
240
595
135
190
135
135
185
175
255
120
205
150
45
55
75
200
220
155
220
350
35
195
25
205
245
235
180
365
95
135
70
100
65
210
105
135
95
160
190
175
75
165
230
110
140
260
180
280
125
160
160
370
65
275
475
160
220
290
75
430
325
160
125
110
250
215
270
225
180
140
125
50
220
95
85
100
40
140
245
160
185
75
215
620
15
205
55
325
145
205
70
130
205
185
190
235
120
130
240
605
120
215
10
65
75
35
80
145
115
330
215
150
210
235
70
280
175
125
335
145
35
350
315
175
205
130
310
190
170
80
400
435
215
250
180
30
170
110
235
180
255
150
260
655
70
60
215
85
385
860
360
275
105
200
20
40
360
210
200
110
120
205
10
95
135
85
230
55
165
220
210
220
170
175
100
185
410
145
90
20
205
75
10
270
230
150
65
135
205
25
390
170
175
235
160
235
265
130
260
240
55
60
170
415
70
120
105
180
195
95
245
140
135
45
195
75
105
20
110
350
200
85
100
185
165
180
120
195
250
105
285
180
170
145
120
120
175
180
215
260
505
370
85
180
210
640
450
195
225
120
380
190
220
695
20
215
240
220
385
240
120
195
130
830
80
95
90
235
95
155
140
55
185
430
85
170
80
180
110
155
80
185
280
175
190
280
275
190
135
125
165
605
115
220
160
45
305
110
195
205
515
275
195
220
90
110
175
265
405
90
265
125
450
285
35
285
210
245
460
210
165
110
195
145
175
165
85
185
235
410
145
40
250
280
150
155
215
145
25
270
205
180
180
80
85
120
140
145
100
425
250
260
115
260
125
15
40
190
255
180
105
205
180
280
220
85
165
20
265
210
150
55
50
30
50
215
120
185
420
180
80
175
160
110
560
155
210
240
65
405
35
155
205
90
470
240
25
450
170
175
210
140
115
30
145
355
185
85
175
195
125
90
115
135
135
225
185
100
180
155
115
335
460
285
50
105
440
225
10
135
65
500
70
245
175
540
75
25
300
420
255
415
45
160
450
250
65
430
155
120
235
245
425
250
170
285
110
170
105
65
145
95
220
105
105
160
35
145
180
175
105
170
115
165
140
145
150
70
510
160
335
150
180
330
165
270
135
385
155
215
170
180
95
30
90
265
240
145
295
360
345
185
115
215
240
520
465
125
195
30
235
25
245
200
180
125
60
380
175
430
65
235
225
175
150
215
40
220
580
305
110
295
90
180
125
115
25
165
75
0
170
20
45
155
215
240
190
230
185
25
155
525
175
155
210
160
125
385
210
170
85
460
210
45
310
250
165
60
95
85
175
115
185
115
190
130
230
215
135
205
160
35
75
190
705
405
125
140
185
390
165
115
55
370
155
255
160
40
150
130
170
140
65
220
300
200
130
100
220
90
140
200
145
60
65
140
35
80
180
90
120
135
150
180
450
65
140
60
125
185
145
225
125
315
170
65
100
210
90
275
380
340
210
140
240
800
85
240
115
300
125
180
155
225
15
65
190
275
145
145
145
175
235
110
200
420
100
185
160
245
250
175
155
290
280
255
215
400
50
80
220
320
170
425
155
425
205
215
490
150
225
475
220
170
145
60
315
125
120
100
175
230
250
140
265
250
80
70
205
180
540
145
220
505
175
250
160
335
510
175
225
170
120
215
225
145
310
170
235
165
150
205
165
55
80
30
255
170
190
70
40
225
145
190
165
265
45
85
160
160
135
170
165
145
270
150
275
120
120
140
180
505
230
110
185
225
130
540
225
195
565
235
60
160
160
