1 135.0 135.0
2 140.0 137.625
3 105.0 125.583333333
4 100.0 119.0
5 80.0 110.4
6 120.0 113.666666667
7 30.0 97.8571428571
8 50.0 92.75
9 410.0 144.0
10 290.0 153.2
11 150.0 146.545454545
12 215.0 155.229166667
13 45.0 138.903846154
14 110.0 139.857142857
15 30.0 128.8
16 130.0 133.5625
17 130.0 133.352941176
18 220.0 142.416666667
19 35.0 128.0
20 185.0 137.975
21 180.0 139.738095238
22 90.0 133.181818182
23 240.0 145.0
24 60.0 132.833333333
25 160.0 138.72
26 90.0 133.480769231
27 355.0 154.444444444
28 25.0 133.910714286
29 105.0 136.775862069
30 105.0 135.716666667
31 325.0 152.467741935
32 285.0 154.671875
33 500.0 175.560606061
34 105.0 154.316176471
35 180.0 158.692857143
36 205.0 161.194444444
37 80.0 152.918918919
38 180.0 158.5
39 20.0 147.153846154
40 135.0 152.45625
41 80.0 148.006097561
42 410.0 170.351190476
43 515.0 183.494186047
44 180.0 167.045454545
45 50.0 158.088888889
46 90.0 158.565217391
47 215.0 165.882978723
48 145.0 162.020833333
49 75.0 156.816326531
50 125.0 158.63
51 175.0 161.401960784
52 110.0 157.225961538
53 80.0 154.297169811
54 210.0 161.708333333
55 235.0 164.268181818
56 140.0 159.169642857
57 110.0 156.833333333
58 300.0 168.637931034
59 110.0 158.305084746
60 180.0 162.108333333
61 230.0 165.680327869
62 175.0 163.125
63 250.0 168.194444444
64 45.0 156.1796875
65 255.0 168.038461538
66 80.0 158.087121212
67 125.0 159.809701493
68 170.0 162.176470588
69 55.0 154.956521739
70 80.0 155.117857143
71 105.0 155.644366197
72 95.0 154.309027778
73 230.0 162.003424658
74 145.0 157.581081081
75 230.0 162.74
76 205.0 162.0625
77 215.0 163.243506494
78 430.0 177.275641026
79 25.0 155.35443038
80 60.0 155.890625
81 215.0 164.274691358
82 90.0 157.195121951
83 115.0 157.921686747
84 150.0 159.556547619
85 190.0 161.891176471
86 125.0 158.25
87 125.0 157.867816092
88 135.0 158.102272727
89 220.0 163.0
90 80.0 155.155555556
91 130.0 157.351648352
92 330.0 169.119565217
93 80.0 155.795698925
94 305.0 168.513297872
95 245.0 166.35
96 105.0 158.783854167
97 215.0 164.806701031
98 155.0 161.737244898
99 385.0 175.376262626
100 410.0 178.96
101 180.0 167.584158416
102 255.0 172.154411765
103 125.0 165.259708738
104 255.0 172.560096154
105 215.0 170.983333333
106 210.0 171.103773585
107 50.0 162.046728972
108 60.0 161.597222222
109 115.0 163.894495413
110 80.0 161.397727273
111 215.0 168.56981982
112 110.0 162.84375
113 110.0 162.376106195
114 105.0 161.625
115 30.0 156.763043478
116 280.0 170.217672414
117 290.0 171.737179487
118 435.0 181.156779661
119 160.0 167.344537815
120 400.0 181.183333333
121 210.0 172.0
122 50.0 163.06557377
123 80.0 163.87804878
124 110.0 164.931451613
125 105.0 164.204
126 100.0 163.446428571
127 125.0 164.383858268
128 185.0 167.521484375
129 80.0 161.63372093
130 135.0 164.157692308
131 80.0 160.786259542
132 60.0 159.03030303
133 50.0 157.714285714
134 165.0 163.475746269
135 80.0 158.638888889
136 300.0 170.597426471
137 85.0 159.301094891
138 85.0 158.762681159
139 140.0 161.357913669
140 120.0 160.069642857
141 60.0 156.381205674
142 145.0 160.521126761
143 460.0 178.255244755
144 520.0 183.607638889
145 80.0 161.044827586
146 170.0 165.575342466
147 110.0 162.217687075
148 185.0 166.096283784
149 135.0 163.404362416
150 160.0 164.623333333
151 160.0 164.592715232
152 140.0 163.4375
153 595.0 188.859477124
154 75.0 162.288961039
155 125.0 164.532258065
156 290.0 173.533653846
157 55.0 161.103503185
158 210.0 169.113924051
159 230.0 170.490566038
160 195.0 168.9046875
161 70.0 162.079192547
162 205.0 169.052469136
163 125.0 164.806748466
164 235.0 170.701219512
165 130.0 165.236363636
166 30.0 159.451807229
167 155.0 165.637724551
168 65.0 160.56547619
169 230.0 169.177514793
170 480.0 183.432352941
171 120.0 165.166666667
172 430.0 182.11627907
173 170.0 169.121387283
174 335.0 178.277298851
175 105.0 166.424285714
176 180.0 170.230113636
177 225.0 172.776836158
178 330.0 178.880617978
179 145.0 169.49301676
180 185.0 171.568055556
181 100.0 166.946132597
182 90.0 166.026098901
183 50.0 163.403005464
184 110.0 166.096467391
185 295.0 175.993243243
186 145.0 168.366935484
187 120.0 166.864973262
188 120.0 166.615691489
189 225.0 172.146825397
190 105.0 165.825
191 65.0 163.307591623
192 60.0 162.520833333
193 110.0 164.735751295
194 45.0 160.885309278
195 80.0 162.211538462
196 135.0 164.808673469
197 250.0 170.961928934
198 160.0 166.429292929
199 110.0 163.658291457
200 155.0 165.85375
201 140.0 164.978855721
202 195.0 167.863861386
203 135.0 164.716748768
204 225.0 169.490196078
205 80.0 161.83902439
206 210.0 168.541262136
207 110.0 163.282608696
208 180.0 166.846153846
209 135.0 164.454545455
210 180.0 166.767857143
211 35.0 158.927725118
212 495.0 183.404481132
213 210.0 169.346244131
214 90.0 163.003504673
215 260.0 171.915116279
216 530.0 187.010416667
217 275.0 174.724654378
218 210.0 171.651376147
219 80.0 164.762557078
220 230.0 172.525
221 180.0 170.070135747
222 180.0 170.114864865
223 100.0 165.81838565
224 75.0 164.168526786
225 120.0 166.212222222
226 190.0 169.80199115
227 485.0 185.875550661
228 30.0 162.541666667
229 210.0 171.709606987
230 110.0 166.463043478
231 135.0 167.571428571
232 50.0 162.832974138
233 105.0 165.322961373
234 210.0 170.741452991
235 135.0 166.855319149
236 180.0 169.151483051
237 470.0 184.859704641
238 210.0 172.019957983
239 30.0 162.463389121
240 65.0 163.8
241 125.0 166.626556017
242 185.0 169.690082645
243 160.0 168.405349794
244 140.0 167.293032787
245 55.0 162.602040816
246 110.0 165.12703252
247 475.0 184.557692308
248 80.0 164.465725806
249 135.0 167.086345382
250 385.0 180.408
251 285.0 175.844621514
252 95.0 166.061507937
253 210.0 171.962450593
254 155.0 169.156496063
255 85.0 165.340196078
256 135.0 167.711914062
257 175.0 169.732490272
258 105.0 165.995155039
259 105.0 165.75965251
260 110.0 165.794230769
261 80.0 163.971264368
262 285.0 174.644083969
263 50.0 162.464828897
264 100.0 164.71875
265 485.0 185.104716981
266 210.0 171.5
267 90.0 165.217228464
268 70.0 163.865671642
269 225.0 171.814126394
270 120.0 166.391666667
271 190.0 169.965867159
272 210.0 171.109375
273 70.0 163.764652015
274 105.0 165.29379562
275 315.0 176.3
276 105.0 165.579710145
277 30.0 161.353790614
278 135.0 166.490107914
279 535.0 187.739247312
280 80.0 164.685714286
281 275.0 174.793594306
282 110.0 166.343085106
283 105.0 165.877208481
284 30.0 161.661971831
285 215.0 171.066666667
286 155.0 168.020979021
287 135.0 166.909407666
288 200.0 170.263020833
289 35.0 161.573529412
290 80.0 163.534482759
291 125.0 165.644329897
292 30.0 160.446061644
293 65.0 161.864334471
294 85.0 162.599489796
295 210.0 168.988983051
296 135.0 165.136824324
297 115.0 163.971380471
298 75.0 161.679530201
299 110.0 163.25083612
300 180.0 166.795
301 140.0 164.712624585
302 210.0 168.350993377
303 270.0 171.676567657
304 255.0 171.203125
305 215.0 169.353278689
306 105.0 163.660947712
307 45.0 160.284201954
308 210.0 168.668831169
309 135.0 164.822006472
310 180.0 167.113709677
311 135.0 164.767684887
312 65.0 160.959134615
313 110.0 163.03913738
314 20.0 158.097929936
315 30.0 158.18968254
316 110.0 162.024525316
317 465.0 180.674290221
318 210.0 168.056603774
319 120.0 163.420062696
320 225.0 168.84609375
321 120.0 163.460280374
322 135.0 164.119565217
323 135.0 164.029411765
324 80.0 161.028549383
325 60.0 159.720769231
326 50.0 158.885736196
327 180.0 165.430428135
328 135.0 163.094512195
329 265.0 169.88449848
330 20.0 157.217424242
331 125.0 162.354229607
332 300.0 171.49246988
333 130.0 162.893393393
334 215.0 167.286676647
335 120.0 162.409701493
336 85.0 160.43452381
337 20.0 156.777448071
338 85.0 159.805473373
339 55.0 158.000737463
340 50.0 157.433823529
341 50.0 157.118768328
342 50.0 156.805555556
343 105.0 159.396501458
344 40.0 155.808866279
345 135.0 160.484782609
346 35.0 155.136560694
347 35.0 154.790345821
348 155.0 160.773706897
349 105.0 158.121060172
350 180.0 161.922857143
351 65.0 155.913105413
352 135.0 159.34375
353 120.0 158.484419263
354 140.0 159.429378531
355 150.0 159.901408451
356 125.0 158.556882022
357 85.0 156.356442577
358 80.0 155.893854749
359 20.0 152.52367688
360 500.0 177.422222222
361 125.0 158.578947368
362 180.0 161.380524862
363 120.0 158.274793388
364 260.0 165.535027473
365 60.0 155.273287671
366 110.0 157.642759563
367 15.0 152.517029973
368 150.0 159.241847826
369 45.0 153.696476965
370 150.0 158.922297297
371 80.0 155.219002695
372 100.0 156.067876344
373 65.0 154.078418231
374 65.0 153.840240642
375 80.0 154.391333333
376 180.0 159.446143617
377 75.0 153.986074271
378 45.0 152.201719577
379 135.0 156.644459103
380 135.0 156.5875
381 210.0 160.467847769
382 210.0 160.597513089
383 50.0 152.329634465
384 180.0 158.884765625
385 50.0 152.118831169
386 120.0 155.526554404
387 75.0 153.074289406
388 210.0 159.953608247
389 125.0 155.624678663
390 210.0 160.003205128
391 65.0 152.528772379
392 195.0 159.120535714
393 75.0 152.921755725
394 90.0 153.510152284
395 60.0 151.77721519
396 180.0 157.833333333
397 415.0 170.201511335
398 210.0 160.077261307
399 60.0 152.345238095
400 45.0 151.32875
401 300.0 164.417705736
402 35.0 150.878731343
403 230.0 160.800868486
404 55.0 151.810643564
405 120.0 154.974074074
406 305.0 164.570812808
407 135.0 156.019041769
408 110.0 154.659313725
409 215.0 160.04400978
410 85.0 153.376829268
411 130.0 155.564476886
412 105.0 154.194781553
413 295.0 164.012711864
414 415.0 170.604468599
415 135.0 156.552409639
416 215.0 160.683293269
417 105.0 155.06294964
418 395.0 170.102272727
419 120.0 156.265513126
420 215.0 161.144047619
421 80.0 154.217339667
422 275.0 164.230450237
423 180.0 159.528959811
424 35.0 152.002358491
425 350.0 168.181176471
426 105.0 155.811619718
427 225.0 161.959601874
428 370.0 169.678738318
429 85.0 155.264568765
430 110.0 156.406395349
431 105.0 156.037703016
432 240.0 162.966435185
433 460.0 174.627020785
434 15.0 152.060483871
435 100.0 156.181034483
436 185.0 160.487385321
437 125.0 157.413043478
438 50.0 153.426369863
439 180.0 159.972095672
440 150.0 158.452840909
441 70.0 154.261337868
442 595.0 181.449095023
443 385.0 171.43227991
444 180.0 161.224662162
445 380.0 171.693820225
446 410.0 173.724775785
447 80.0 157.052013423
448 185.0 162.352678571
449 220.0 164.227171492
450 80.0 157.055555556
451 260.0 166.263858093
452 240.0 165.42920354
453 120.0 159.342163355
454 235.0 165.246145374
455 50.0 155.763186813
456 45.0 155.270833333
457 110.0 158.414660832
458 60.0 155.705240175
459 90.0 157.058823529
460 135.0 159.255978261
461 210.0 163.10791757
462 210.0 163.209415584
463 135.0 159.406587473
464 125.0 158.833512931
465 30.0 153.816666667
466 185.0 161.61695279
467 160.0 160.366167024
468 105.0 157.503739316
469 15.0 152.709488273
470 285.0 166.462234043
471 110.0 157.610934183
472 105.0 157.25
473 135.0 158.699788584
474 135.0 158.64978903
475 80.0 155.74
476 50.0 154.021008403
477 485.0 176.419287212
478 125.0 158.349372385
479 135.0 158.799582463
480 5.0 151.992708333
481 80.0 155.585239085
482 35.0 153.08973029
483 155.0 159.08126294
484 210.0 161.930785124
485 120.0 157.353608247
486 130.0 157.796296296
487 105.0 156.440451745
488 40.0 152.958504098
489 180.0 159.999488753
490 560.0 179.777040816
491 45.0 153.804989817
492 100.0 156.44004065
493 120.0 157.364097363
494 55.0 153.913461538
495 65.0 154.232828283
496 110.0 156.389112903
497 75.0 154.478873239
498 40.0 152.50251004
499 100.0 155.391282565
500 50.0 152.6855
501 150.0 157.670159681
502 105.0 155.319721116
503 290.0 164.819085487
504 145.0 157.544146825
505 155.0 158.038118812
506 180.0 159.329051383
507 300.0 165.594674556
508 100.0 155.48523622
509 185.0 159.784872299
510 140.0 157.500490196
511 140.0 157.466242661
512 380.0 169.877441406
513 135.0 157.583333333
514 35.0 152.354571984
515 125.0 156.792718447
516 530.0 177.726744186
517 210.0 161.820116054
518 210.0 161.913127413
519 45.0 153.453757225
520 315.0 167.238461538
521 135.0 158.193857965
522 335.0 168.513409962
523 110.0 157.173040153
524 125.0 157.860209924
525 80.0 155.466190476
526 30.0 152.732414449
527 80.0 155.089658444
528 70.0 154.429450758
529 65.0 154.010869565
530 155.0 158.504245283
531 120.0 156.685028249
532 225.0 162.053571429
533 50.0 153.109756098
534 240.0 162.754681648
535 80.0 154.614953271
536 90.0 154.993470149
537 105.0 155.648975791
538 165.0 158.660780669
539 470.0 174.460111317
540 120.0 156.891666667
541 400.0 171.315157116
542 30.0 152.588560886
543 155.0 158.831491713
544 225.0 162.446691176
545 155.0 158.939449541
546 170.0 159.708333333
547 120.0 157.140310786
548 155.0 158.883211679
549 155.0 158.876138434
550 155.0 158.869090909
551 80.0 154.982758621
552 195.0 160.794836957
553 110.0 156.460669078
554 180.0 159.996841155
555 210.0 161.584234234
556 55.0 153.65647482
557 135.0 157.615798923
558 140.0 157.833781362
559 165.0 159.094364937
560 170.0 159.363392857
561 120.0 156.797682709
562 260.0 163.96886121
563 210.0 161.555062167
564 105.0 156.214095745
565 135.0 157.673893805
566 110.0 156.341872792
567 105.0 156.001763668
568 210.0 161.337588028
569 185.0 160.131370826
570 55.0 153.458333333
571 210.0 161.293782837
572 80.0 154.663024476
573 485.0 175.454188482
574 35.0 152.74869338
575 135.0 157.709130435
576 110.0 156.378472222
577 45.0 152.941074523
578 210.0 161.275519031
579 110.0 156.195595855
580 80.0 154.566810345
581 60.0 153.405765921
582 70.0 153.761597938
583 470.0 174.269725557
584 170.0 159.288099315
585 380.0 170.147435897
586 125.0 157.342150171
587 105.0 156.254684838
588 255.0 163.909863946
589 240.0 163.290322581
590 165.0 159.549576271
591 315.0 167.299915398
592 65.0 154.648226351
593 10.0 151.658937605
594 315.0 167.158249158
595 380.0 170.760504202
596 130.0 158.213087248
597 470.0 175.706867672
598 185.0 161.496237458
599 120.0 158.182387312
600 120.0 158.11875
601 210.0 162.697587354
602 140.0 159.165697674
603 105.0 157.328772803
604 125.0 158.273592715
605 480.0 176.526033058
606 110.0 157.946782178
607 35.0 154.000411862
608 180.0 161.28125
609 180.0 161.311986864
610 105.0 157.475819672
611 210.0 162.803191489
612 260.0 165.457924837
613 455.0 175.664355628
614 55.0 155.500407166
615 170.0 161.264634146
616 80.0 156.640016234
617 50.0 154.969611021
618 285.0 166.911003236
619 30.0 153.960420032
620 80.0 156.337096774
621 65.0 155.441223833
622 180.0 161.221463023
623 90.0 156.614365971
624 150.0 159.598958333
625 155.0 159.8412
626 140.0 159.060702875
627 410.0 172.939393939
628 185.0 161.726512739
629 125.0 158.672893482
630 80.0 156.301587302
631 125.0 158.498415214
632 200.0 162.308148734
633 105.0 157.475118483
634 105.0 157.392350158
635 30.0 153.447637795
636 65.0 155.05581761
637 225.0 163.153061224
638 105.0 157.071316614
639 165.0 160.079029734
640 80.0 155.710546875
641 80.0 155.592433697
642 60.0 154.445093458
643 135.0 158.159020218
644 110.0 156.836180124
645 135.0 158.050387597
646 70.0 154.669117647
647 120.0 157.111669243
648 115.0 156.797067901
649 155.0 158.791217257
650 30.0 152.352692308
651 45.0 152.936635945
652 120.0 156.630368098
653 45.0 152.715160796
654 135.0 157.181192661
655 210.0 161.00610687
656 180.0 159.537347561
657 180.0 159.568493151
658 410.0 171.431610942
659 185.0 160.219271624
660 135.0 157.684848485
661 120.0 156.878971256
662 85.0 155.023036254
663 110.0 156.203242836
664 590.0 180.820406627
665 55.0 153.921428571
666 15.0 151.715840841
667 120.0 156.91041979
668 210.0 161.483158683
669 150.0 158.470478326
670 105.0 156.144029851
671 45.0 152.982861401
672 35.0 152.308035714
673 125.0 156.76077266
674 50.0 152.857937685
675 230.0 161.958888889
676 80.0 154.348742604
677 60.0 153.210856721
678 140.0 157.185471976
679 135.0 156.903166421
680 50.0 152.502205882
681 155.0 157.748164464
682 100.0 154.917521994
683 370.0 168.712664714
684 345.0 167.722222222
685 235.0 162.328467153
686 180.0 159.608236152
687 80.0 154.499636099
688 110.0 155.932776163
689 80.0 154.324746009
690 135.0 157.042753623
691 155.0 158.038350217
692 75.0 153.924132948
693 155.0 157.91991342
694 365.0 168.703170029
695 65.0 153.575539568
696 825.0 192.485632184
697 180.0 160.263988522
698 125.0 157.467406877
699 215.0 162.043276109
700 210.0 161.862142857
701 105.0 156.538516405
702 35.0 152.87037037
703 315.0 167.081081081
704 105.0 156.5078125
705 450.0 174.14964539
706 510.0 177.621104816
707 50.0 154.473125884
708 65.0 155.09569209
709 110.0 157.278913963
710 235.0 163.629577465
711 155.0 159.623066104
712 130.0 158.333216292
713 110.0 157.266830295
714 135.0 158.483893557
715 110.0 157.167832168
716 120.0 157.615223464
717 210.0 162.182008368
718 160.0 159.682451253
719 110.0 157.116828929
720 25.0 152.689236111
721 135.0 158.157073509
722 155.0 159.151315789
723 135.0 158.119294606
724 135.0 158.087361878
725 410.0 172.165862069
726 165.0 159.922865014
727 110.0 157.107977992
728 315.0 167.560782967
729 60.0 154.680727023
730 80.0 155.577054795
731 155.0 159.321135431
732 440.0 173.93510929
733 80.0 155.831514325
734 155.0 159.57527248
735 120.0 157.773809524
736 165.0 160.030570652
737 105.0 156.959972863
738 100.0 156.633130081
739 120.0 157.582205683
740 135.0 158.300675676
741 105.0 156.730769231
742 210.0 162.045485175
743 135.0 158.264131898
744 415.0 172.590389785
745 155.0 159.584228188
746 80.0 155.732573727
747 75.0 155.374832664
748 180.0 160.650735294
749 105.0 156.831441923
750 105.0 156.762333333
751 190.0 161.050932091
752 245.0 163.908909574
753 210.0 162.222443559
754 135.0 158.441312997
755 440.0 174.044039735
756 80.0 155.943452381
757 75.0 155.586856011
758 120.0 157.786939314
759 105.0 156.968379447
760 120.0 157.66875
761 290.0 166.331471748
762 135.0 158.550524934
763 210.0 162.363040629
764 105.0 157.044829843
765 410.0 172.605555556
766 215.0 162.923629243
767 210.0 162.735332464
768 90.0 156.6484375
769 105.0 157.33029909
770 180.0 161.10487013
771 155.0 159.848573281
772 40.0 153.950777202
773 200.0 162.0
774 355.0 169.989341085
775 110.0 157.677741935
776 120.0 158.128543814
777 460.0 175.495173745
778 135.0 159.214010283
779 75.0 156.109756098
780 120.0 158.310576923
781 30.0 153.652048656
782 260.0 165.273337596
783 210.0 162.833652618
784 80.0 156.236288265
785 315.0 168.173566879
786 290.0 167.080152672
787 270.0 166.212198221
788 185.0 161.99143401
789 605.0 183.526299113
790 110.0 158.714556962
791 210.0 163.773072061
792 75.0 156.919507576
793 180.0 162.191992434
794 410.0 173.989609572
795 210.0 164.047484277
796 105.0 158.729899497
797 120.0 159.430363864
798 50.0 155.797619048
799 210.0 163.855444305
800 80.0 157.25875
801 120.0 159.209737828
802 105.0 158.3930798
803 210.0 163.700809465
804 105.0 158.384328358
805 210.0 163.691925466
806 455.0 176.288151365
807 250.0 166.142193309
808 155.0 161.384282178
809 135.0 160.352904821
810 155.0 161.345061728
811 155.0 161.337237978
812 170.0 162.096982759
813 205.0 163.897601476
814 155.0 161.389742015
815 315.0 169.568404908
816 180.0 162.839460784
817 335.0 170.790697674
818 165.0 162.29400978
819 180.0 163.064713065
820 355.0 172.038109756
821 110.0 159.727466504
822 155.0 161.968978102
823 125.0 160.425880923
824 215.0 164.986650485
825 160.0 162.233939394
826 175.0 162.998486683
827 155.0 161.990024184
828 90.0 158.657004831
829 105.0 159.341375151
830 210.0 164.646084337
831 120.0 160.097773767
832 425.0 175.647836538
833 155.0 162.139255702
834 170.0 162.897781775
835 80.0 158.303892216
836 145.0 161.534090909
837 50.0 156.65651135
838 210.0 164.710620525
839 165.0 162.463647199
840 110.0 159.654464286
841 80.0 158.061533888
842 210.0 164.615498812
843 75.0 157.767200474
844 240.0 166.10485782
845 180.0 163.124852071
846 105.0 159.310579196
847 35.0 155.667945691
848 260.0 167.027712264
849 180.0 163.04770318
850 210.0 164.601176471
851 410.0 174.877790834
852 240.0 166.464201878
853 185.0 163.73915592
854 110.0 159.930620609
855 355.0 172.394444444
856 155.0 162.385806075
857 110.0 160.077304551
858 105.0 159.763403263
859 225.0 165.832363213
860 210.0 165.134593023
861 50.0 157.010162602
862 110.0 159.952146172
863 180.0 163.471320973
864 50.0 156.847511574
865 385.0 173.841907514
866 135.0 161.311489607
867 180.0 163.580449827
868 155.0 162.322004608
869 355.0 172.532220944
870 105.0 159.968965517
871 30.0 156.074052813
872 410.0 175.343463303
873 210.0 165.394616266
874 190.0 164.423913043
875 210.0 165.474857143
876 210.0 165.525684932
877 75.0 158.680159635
878 180.0 163.948462415
879 110.0 160.391069397
880 105.0 160.078409091
881 75.0 158.48354143
882 135.0 161.453514739
883 80.0 158.614382786
884 120.0 160.568438914
885 180.0 163.58700565
886 385.0 174.0753386
887 105.0 160.0132469
888 180.0 163.781531532
889 60.0 157.671541057
890 155.0 162.413202247
891 715.0 191.001964085
892 155.0 162.992993274
893 180.0 164.260638298
894 440.0 177.554530201
895 260.0 168.656703911
896 110.0 161.099609375
897 160.0 163.595596433
898 180.0 164.612750557
899 135.0 162.332313682
900 210.0 166.131111111
901 210.0 166.179800222
902 50.0 158.059866962
903 30.0 156.919158361
904 155.0 163.160121681
905 190.0 164.937845304
906 460.0 178.748620309
907 160.0 163.744487321
908 105.0 160.932819383
909 50.0 158.063806381
910 180.0 164.580769231
911 135.0 162.300768386
912 380.0 174.776041667
913 410.0 176.53203724
914 180.0 165.048413567
915 410.0 176.803551913
916 75.0 159.96069869
917 345.0 173.647764449
918 155.0 164.137799564
919 180.0 165.403699674
920 355.0 174.350271739
921 75.0 160.257600434
922 180.0 165.523318872
923 105.0 161.711809317
924 105.0 161.6504329
925 335.0 173.325405405
926 210.0 167.121760259
927 210.0 167.168015102
928 410.0 177.418911638
929 380.0 176.138589882
930 105.0 162.32688172
931 75.0 160.734693878
932 185.0 166.254828326
933 75.0 160.662915327
934 75.0 160.571199143
935 180.0 165.836363636
936 165.0 165.086271368
937 80.0 160.75
938 105.0 161.939232409
939 155.0 164.429179979
940 180.0 165.694414894
941 120.0 162.649043571
942 355.0 174.590764331
943 380.0 176.057264051
944 180.0 166.072033898
945 210.0 167.616931217
946 80.0 161.031183932
947 155.0 164.770855333
948 210.0 167.565664557
949 285.0 171.435458377
950 150.0 164.67
951 75.0 160.829652997
952 210.0 167.624212185
953 105.0 162.314008395
954 75.0 160.724056604
955 50.0 159.359424084
956 160.0 164.854341004
957 185.0 166.124085684
958 105.0 162.064457203
959 210.0 167.358967675
960 185.0 166.128645833
961 260.0 169.972424558
962 105.0 162.162941788
963 105.0 162.103582555
964 180.0 165.868257261
965 555.0 185.002072539
966 105.0 162.442546584
967 210.0 167.736297828
968 105.0 162.426911157
969 135.0 163.897058824
970 155.0 164.88685567
971 155.0 164.876673532
972 105.0 162.317644033
973 155.0 164.807553957
974 210.0 167.601129363
975 210.0 167.644615385
976 75.0 160.806608607
977 105.0 162.247952917
978 180.0 166.012269939
979 80.0 160.929519918
980 210.0 167.472959184
981 180.0 165.9872579
982 135.0 163.70799389
983 145.0 164.188453713
984 165.0 165.188262195
985 180.0 165.952538071
986 210.0 167.495689655
987 210.0 167.538753799
988 135.0 163.759615385
989 210.0 167.552578362
990 180.0 166.066666667
991 380.0 176.272452069
992 180.0 166.286290323
993 155.0 165.026183283
994 155.0 165.016096579
995 290.0 171.884924623
996 210.0 167.927208835
997 105.0 162.619358074
998 180.0 166.383016032
999 210.0 167.925175175
1000 380.0 176.62875
1001 400.0 177.850899101
1002 180.0 166.864021956
1003 285.0 172.226570289
1004 210.0 168.517928287
1005 80.0 161.936318408
1006 210.0 168.477634195
1007 210.0 168.518867925
1008 155.0 165.758184524
1009 180.0 167.021060456
1010 120.0 163.977475248
1011 180.0 166.990356083
1012 180.0 167.003211462
1013 105.0 163.195705824
1014 105.0 163.138313609
1015 165.0 166.137192118
1016 160.0 165.881397638
1017 155.0 165.620943953
1018 155.0 165.610510806
1019 180.0 166.873405299
1020 210.0 168.414215686
1021 155.0 165.653770813
1022 75.0 161.568982387
1023 180.0 166.831867058
1024 180.0 166.844726562
1025 155.0 165.584390244
1026 180.0 166.847222222
1027 180.0 166.860029211
1028 330.0 174.511429961
1029 155.0 165.750971817
1030 105.0 163.194417476
1031 185.0 167.211687682
1032 335.0 174.867005814
1033 75.0 161.782913843
1034 135.0 164.754110251
1035 135.0 164.725362319
1036 180.0 166.987934363
1037 60.0 160.890549662
1038 260.0 170.976396917
1039 155.0 165.716073147
1040 110.0 163.414663462
1041 165.0 166.163544669
1042 210.0 168.453454894
1043 355.0 175.87535954
1044 210.0 168.664990421
1045 340.0 175.322727273
1046 410.0 179.04373805
1047 380.0 177.737106017
1048 180.0 167.748807252
1049 105.0 163.942564347
1050 155.0 166.431666667
1051 260.0 171.765699334
1052 155.0 166.504752852
1053 105.0 163.948717949
1054 110.0 164.147296015
1055 185.0 167.913507109
1056 135.0 165.384706439
1057 410.0 179.353122044
1058 180.0 167.864603025
1059 335.0 175.765108593
1060 135.0 165.736084906
1061 105.0 164.180254477
1062 155.0 166.669256121
1063 185.0 168.18508937
1064 155.0 166.674107143
1065 30.0 160.301643192
1066 140.0 165.777439024
1067 155.0 166.516635426
1068 110.0 164.21582397
1069 125.0 164.928437792
1070 125.0 164.891121495
1071 380.0 177.830065359
1072 245.0 171.149020522
1073 180.0 167.910298229
1074 125.0 165.122905028
1075 320.0 175.007906977
1076 110.0 164.457249071
1077 110.0 164.406685237
1078 105.0 164.101808905
1079 120.0 164.810240964
1080 155.0 166.549537037
1081 105.0 163.994912118
1082 340.0 175.896719039
1083 105.0 164.092105263
1084 135.0 165.563883764
1085 460.0 182.070276498
1086 105.0 164.265653775
1087 105.0 164.211131555
1088 110.0 164.411075368
1089 135.0 165.63292011
1090 155.0 166.622247706
1091 380.0 178.05751604
1092 145.0 166.288003663
1093 120.0 164.996797804
1094 135.0 165.71869287
1095 105.0 164.164611872
1096 105.0 164.110629562
1097 105.0 164.05674567
1098 105.0 164.002959927
1099 105.0 163.949272066
1100 155.0 166.438863636
1101 135.0 165.411217075
1102 105.0 163.857758621
1103 120.0 164.56731641
1104 380.0 177.750679348
1105 155.0 166.490271493
1106 135.0 165.462703436
1107 135.0 165.435185185
1108 105.0 163.881994585
1109 105.0 163.82889991
1110 155.0 166.318693694
1111 105.0 163.765751575
1112 105.0 163.712904676
1113 80.0 162.388814016
1114 105.0 163.586175943
1115 105.0 163.533632287
1116 110.0 163.735439068
1117 210.0 168.772381379
1118 135.0 164.995527728
1119 105.0 163.443252904
1120 150.0 165.679241071
1121 135.0 164.902542373
1122 160.0 166.147058824
1123 105.0 163.345057881
1124 105.0 163.293149466
1125 155.0 165.783555556
1126 120.0 163.994449378
1127 105.0 163.192768412
1128 180.0 166.954343972
1129 135.0 164.678033658
1130 105.0 163.126548673
1131 155.0 165.617152962
1132 135.0 164.590989399
1133 210.0 168.377758164
1134 135.0 164.601631393
1135 105.0 163.050440529
1136 155.0 165.541153169
1137 185.0 167.056948109
1138 180.0 166.818541301
1139 135.0 164.542581212
1140 180.0 166.804166667
1141 105.0 163.003286591
1142 425.0 179.218695271
1143 180.0 166.980096238
1144 180.0 166.991477273
1145 155.0 165.73209607
1146 180.0 166.993455497
1147 185.0 167.258936356
1148 180.0 167.020252613
1149 210.0 168.556353351
1150 105.0 163.255652174
1151 210.0 168.541702867
1152 155.0 165.782335069
1153 105.0 163.231786644
1154 180.0 166.993067591
1155 310.0 173.611255411
1156 180.0 167.122404844
1157 180.0 167.133535004
1158 180.0 167.144645941
1159 180.0 167.155737705
1160 105.0 163.355387931
1161 210.0 168.641042205
1162 460.0 181.381024096
1163 210.0 168.916380052
1164 80.0 162.345575601
1165 155.0 166.086051502
1166 155.0 166.076543739
1167 155.0 166.067052271
1168 210.0 168.852311644
1169 260.0 171.428143713
1170 180.0 167.438888889
1171 210.0 168.973953886
1172 210.0 169.008959044
1173 210.0 169.043904518
1174 105.0 163.743824532
1175 210.0 169.028723404
1176 210.0 169.063562925
1177 180.0 167.574129142
1178 180.0 167.584677419
1179 180.0 167.595207803
1180 475.0 182.593220339
1181 155.0 166.583403895
1182 180.0 167.843697124
1183 180.0 167.85397295
1184 135.0 165.578125
1185 270.0 172.410548523
1186 460.0 182.145025295
1187 185.0 168.409014322
1188 180.0 168.168981481
1189 180.0 168.178931876
1190 210.0 169.712815126
1191 210.0 169.746641478
1192 210.0 169.780411074
1193 105.0 164.480511316
1194 180.0 168.240368509
1195 210.0 169.774058577
1196 230.0 170.823578595
1197 385.0 178.746031746
1198 210.0 170.02942404
1199 210.0 170.062760634
1200 155.0 167.3025
1201 180.0 168.56203164
1202 210.0 170.095257903
1203 155.0 167.334995844
1204 210.0 170.118147841
1205 210.0 170.151244813
1206 155.0 167.390961857
1207 210.0 170.173985087
1208 105.0 164.874379139
1209 210.0 170.157361456
1210 210.0 170.190289256
1211 180.0 168.699628406
1212 180.0 168.708952145
1213 180.0 168.718260511
1214 180.0 168.727553542
1215 155.0 167.467283951
1216 210.0 170.25
1217 260.0 172.821692687
1218 210.0 170.354269294
1219 210.0 170.386792453
1220 210.0 170.419262295
1221 210.0 170.451678952
1222 180.0 168.960720131
1223 155.0 167.700327065
1224 105.0 165.151143791
1225 210.0 170.433469388
1226 210.0 170.465742251
1227 180.0 168.974735126
1228 260.0 173.045602606
1229 105.0 165.246541904
1230 210.0 170.528658537
1231 180.0 169.03757108
1232 210.0 170.569602273
1233 210.0 170.601581509
1234 135.0 166.825769854
1235 210.0 170.607692308
1236 185.0 169.370347896
1237 180.0 169.129143088
1238 105.0 165.330371567
1239 210.0 170.612187248
1240 210.0 170.643951613
1241 515.0 186.15914585
1242 210.0 170.940619968
1243 180.0 169.449115044
1244 185.0 169.711414791
1245 210.0 170.992771084
1246 410.0 181.176565008
1247 155.0 168.415797915
1248 155.0 168.405048077
1249 210.0 171.186148919
1250 210.0 171.2172
1251 185.0 169.979216627
1252 185.0 169.991214058
1253 210.0 171.272146848
1254 180.0 169.78030303
1255 410.0 181.462549801
1256 105.0 166.163813694
1257 210.0 171.44451074
1258 355.0 178.834658188
1259 180.0 170.092533757
1260 155.0 168.831547619
1261 155.0 168.820578906
1262 120.0 167.033280507
1263 210.0 171.563737134
1264 180.0 170.071598101
1265 180.0 170.07944664
1266 380.0 180.237361769
1267 310.0 176.842541436
1268 210.0 171.872634069
1269 155.0 169.111505122
1270 185.0 170.622834646
1271 210.0 171.902832415
1272 155.0 169.141705975
1273 210.0 171.921641791
1274 155.0 169.160518053
1275 355.0 179.298431373
1276 210.0 172.078173981
1277 80.0 165.511158966
1278 135.0 168.23513302
1279 180.0 170.492572322
1280 410.0 182.170703125
1281 790.0 201.630366901
1282 385.0 181.539196568
1283 105.0 167.490452065
1284 180.0 171.247274143
1285 105.0 167.448638132
1286 210.0 172.727643857
1287 210.0 172.756604507
1288 135.0 168.980201863
1289 105.0 167.431730023
1290 210.0 172.710658915
1291 210.0 172.73954299
1292 105.0 167.441176471
1293 105.0 167.392884764
1294 180.0 171.149729521
1295 305.0 177.498262548
1296 260.0 175.313657407
1297 105.0 167.5154202
1298 155.0 170.00385208
1299 210.0 172.782525019
1300 210.0 172.811153846
1301 210.0 172.839738663
1302 155.0 170.078149002
1303 75.0 166.008250192
1304 210.0 172.786809816
1305 155.0 170.025287356
1306 135.0 168.999234303
1307 105.0 167.451415455
1308 165.0 170.447247706
1309 105.0 167.399541635
1310 180.0 171.15629771
1311 105.0 167.358695652
1312 180.0 171.115472561
1313 105.0 167.317974105
1314 135.0 168.792237443
1315 210.0 172.570722433
1316 105.0 167.273366261
1317 210.0 172.551822323
1318 210.0 172.580235205
1319 210.0 172.608605004
1320 30.0 163.507386364
1321 210.0 172.535768357
1322 135.0 168.7602118
1323 210.0 172.538548753
1324 180.0 171.045317221
1325 210.0 172.573584906
1326 165.0 170.319570136
1327 180.0 171.076299925
1328 105.0 167.27936747
1329 135.0 168.753950339
1330 210.0 172.532142857
1331 210.0 172.560293013
1332 180.0 171.067004505
1333 105.0 167.270255064
1334 185.0 171.280547226
1335 210.0 172.558614232
1336 185.0 171.318862275
1337 210.0 172.596858639
1338 155.0 169.835762332
1339 135.0 168.810492905
1340 180.0 171.067164179
1341 210.0 172.5950783
1342 80.0 166.030923994
1343 210.0 172.558823529
1344 210.0 172.586681548
1345 180.0 171.09330855
1346 180.0 171.099925706
1347 105.0 167.303637713
1348 155.0 169.792655786
1349 210.0 172.570422535
1350 135.0 168.79537037
1351 180.0 171.05199852
1352 210.0 172.579696746
1353 105.0 167.283628973
1354 180.0 171.040251108
1355 185.0 171.300369004
1356 535.0 189.055678466
1357 490.0 187.029108327
1358 180.0 171.535346097
1359 105.0 167.739146431
1360 215.0 173.269852941
1361 230.0 174.06098457
1362 210.0 173.088105727
1363 210.0 173.115187087
1364 180.0 171.621334311
1365 180.0 171.627472527
1366 180.0 171.633601757
1367 210.0 173.160570593
1368 210.0 173.1875
1369 180.0 171.69357195
1370 210.0 173.220437956
1371 80.0 166.657184537
1372 105.0 167.861333819
1373 595.0 192.654588492
1374 380.0 182.048762737
1375 105.0 168.252727273
1376 260.0 176.063771802
1377 210.0 173.590232389
1378 240.0 175.13733672
1379 50.0 165.553480783
1380 210.0 173.579891304
1381 180.0 172.085626358
1382 180.0 172.091353111
1383 210.0 173.617678959
1384 105.0 168.321893064
1385 155.0 170.810469314
1386 180.0 172.066197691
1387 105.0 168.270547945
1388 180.0 172.02629683
1389 155.0 170.764938805
1390 105.0 168.21942446
1391 210.0 173.495686556
1392 210.0 173.52191092
1393 160.0 171.013998564
1394 210.0 173.540172166
1395 180.0 172.045878136
1396 355.0 180.920666189
1397 260.0 176.23067287
1398 120.0 169.195457797
1399 180.0 172.201036455
1400 180.0 172.206607143
1401 210.0 173.732512491
1402 210.0 173.758380884
1403 155.0 170.996970777
1404 200.0 173.266025641
1405 105.0 168.470818505
1406 210.0 173.746621622
1407 210.0 173.77238806
1408 280.0 177.345348011
1409 180.0 172.350780696
1410 260.0 176.410106383
1411 105.0 168.614989369
1412 135.0 170.090120397
1413 155.0 171.078733192
1414 180.0 172.334158416
1415 165.0 171.5795053
1416 180.0 172.334922316
1417 155.0 171.073570924
1418 160.0 171.315585331
1419 185.0 172.574348132
1420 155.0 171.063028169
1421 135.0 170.038353272
1422 110.0 168.747011252
1423 460.0 186.439388616
1424 140.0 170.41801264
1425 180.0 172.423333333
1426 135.0 170.148667602
1427 155.0 171.137351086
1428 160.0 171.379376751
1429 155.0 171.118089573
1430 105.0 168.573601399
1431 110.0 168.782494759
1432 210.0 173.807786313
1433 155.0 171.0465806
1434 210.0 173.821827057
1435 210.0 173.847038328
1436 410.0 184.004526462
1437 155.0 171.243215031
1438 105.0 168.698887344
1439 155.0 171.187630299
1440 135.0 170.163194444
1441 355.0 181.283830673
1442 210.0 174.058772538
1443 180.0 172.563929314
1444 120.0 169.529605263
1445 180.0 172.534775087
1446 105.0 168.7406639
1447 155.0 171.229440221
1448 180.0 172.484633978
1449 210.0 174.009489303
1450 155.0 171.248275862
1451 155.0 171.237077877
1452 180.0 172.492252066
1453 260.0 176.549724708
1454 355.0 181.419188446
1455 135.0 170.394845361
1456 210.0 174.169471154
1457 105.0 168.875600549
1458 410.0 184.280521262
1459 135.0 170.506168609
1460 180.0 172.761130137
1461 135.0 170.486824093
1462 410.0 184.39124487
1463 150.0 171.376623377
1464 180.0 172.881489071
1465 335.0 180.736860068
1466 155.0 171.725443383
1467 160.0 171.967280164
1468 105.0 169.173535422
1469 135.0 170.649251191
1470 180.0 172.904081633
1471 120.0 169.870156356
1472 105.0 169.076596467
1473 135.0 170.552443992
1474 385.0 183.189450475
1475 355.0 181.806949153
1476 135.0 170.782689702
1477 210.0 174.556702776
1478 155.0 171.795331529
1479 105.0 169.251859364
1480 135.0 170.727702703
1481 380.0 183.110735989
1482 210.0 174.634615385
1483 180.0 173.139244774
1484 135.0 170.865060647
1485 155.0 171.853703704
1486 140.0 171.082772544
1487 80.0 168.023537323
1488 155.0 171.762264785
1489 210.0 174.536098052
1490 105.0 169.24295302
1491 105.0 169.199865862
1492 105.0 169.156836461
1493 155.0 171.645679839
1494 210.0 174.419511379
1495 155.0 171.658361204
1496 165.0 172.153576203
1497 105.0 169.110721443
1498 135.0 170.586949266
1499 135.0 170.563208806
1500 180.0 172.818
1501 210.0 174.341772152
1502 180.0 172.846537949
1503 210.0 174.370259481
1504 155.0 171.609208777
1505 120.0 169.826079734
1506 210.0 174.349767596
1507 155.0 171.588752488
1508 210.0 174.362400531
1509 165.0 172.10768721
1510 165.0 172.102980132
1511 180.0 172.857710126
1512 155.0 171.59672619
1513 180.0 172.851454065
1514 105.0 169.059114927
1515 105.0 169.016831683
1516 155.0 171.505936675
1517 180.0 172.760711931
1518 180.0 172.765480896
1519 180.0 172.770243581
1520 210.0 174.29375
1521 105.0 169.001643655
1522 105.0 168.959592641
1523 155.0 171.448785292
1524 105.0 168.906824147
1525 155.0 171.396065574
1526 105.0 168.854193971
1527 105.0 168.81237721
1528 210.0 174.085896597
1529 105.0 168.794146501
1530 135.0 170.271078431
1531 135.0 170.248040496
1532 210.0 174.02154047
1533 135.0 170.24853229
1534 380.0 182.627281617
1535 210.0 174.150651466
1536 135.0 170.377604167
1537 160.0 171.620039037
1538 180.0 172.624837451
1539 155.0 171.364197531
1540 155.0 171.353571429
1541 180.0 172.608371188
1542 180.0 172.613164721
1543 180.0 172.617952041
1544 260.0 176.671955959
1545 355.0 181.534304207
1546 105.0 168.992884864
1547 180.0 172.747575953
1548 210.0 174.270671835
1549 105.0 168.979341511
1550 105.0 168.938064516
1551 180.0 172.692778852
1552 180.0 172.697487113
1553 210.0 174.220540889
1554 180.0 172.725225225
1555 180.0 172.729903537
1556 180.0 172.734575835
1557 135.0 170.461785485
1558 135.0 170.43902439
1559 105.0 168.898011546
1560 155.0 171.3875
1561 160.0 171.630044843
1562 135.0 170.357394366
1563 105.0 168.816538708
1564 180.0 172.57129156
1565 155.0 171.31086262
1566 155.0 171.300446999
1567 210.0 174.073388641
1568 135.0 170.300860969
1569 355.0 181.411567878
1570 180.0 172.666242038
1571 245.0 175.960216423
1572 210.0 174.232983461
1573 210.0 174.255721551
1574 210.0 174.27843075
1575 180.0 172.783015873
1576 180.0 172.787595178
1577 180.0 172.792168675
1578 295.0 178.615969582
1579 210.0 174.388537049
1580 105.0 169.097943038
1581 180.0 172.852466793
1582 180.0 172.856984829
1583 180.0 172.861497157
1584 155.0 171.601010101
1585 210.0 174.373501577
1586 210.0 174.395964691
1587 120.0 169.86452426
1588 180.0 172.869017632
1589 180.0 172.873505349
1590 135.0 170.601100629
1591 105.0 169.060810811
1592 185.0 173.068310302
1593 105.0 169.028091651
1594 210.0 174.300501882
1595 210.0 174.322884013
1596 105.0 169.032738095
1597 410.0 184.424076393
1598 155.0 171.663642053
1599 180.0 172.918073796
1600 155.0 171.65765625
1601 155.0 171.647251718
1602 210.0 174.419475655
1603 105.0 169.129444791
1604 210.0 174.40165212
1605 105.0 169.111682243
1606 105.0 169.071762142
1607 180.0 172.826228998
1608 105.0 169.036380597
1609 180.0 172.790863891
1610 180.0 172.795341615
1611 135.0 170.523277467
1612 185.0 173.030707196
1613 210.0 174.302851829
1614 335.0 180.64854399
1615 180.0 172.902941176
1616 180.0 172.907332921
1617 210.0 174.429344465
1618 210.0 174.451328801
1619 285.0 178.267294626
1620 210.0 174.539197531
1621 135.0 170.767119062
1622 180.0 173.021424168
1623 380.0 183.142791128
1624 180.0 173.147013547
1625 210.0 174.668769231
1626 105.0 169.379151292
1627 260.0 177.180086048
1628 180.0 173.184275184
1629 180.0 173.188459177
1630 180.0 173.192638037
1631 410.0 184.830778663
1632 105.0 169.541207108
1633 155.0 172.030771586
1634 180.0 173.284883721
1635 155.0 172.024464832
1636 210.0 174.795996333
1637 160.0 172.288485034
1638 75.0 167.981684982
1639 275.0 178.040878585
1640 180.0 173.294969512
1641 210.0 174.816422913
1642 155.0 172.056029233
1643 105.0 169.516737675
1644 285.0 178.581508516
1645 165.0 172.576899696
1646 365.0 182.687727825
1647 380.0 183.557073467
1648 105.0 169.767748786
1649 180.0 173.521679806
1650 105.0 169.732424242
1651 250.0 177.026650515
1652 180.0 173.530569007
1653 105.0 169.74137931
1654 410.0 185.12741838
1655 75.0 168.320996979
1656 105.0 169.781853865
1657 500.0 189.719221485
1658 320.0 180.803226779
1659 210.0 175.324141049
1660 210.0 175.34503012
1661 105.0 170.055839856
1662 180.0 173.809566787
1663 165.0 173.054720385
1664 210.0 175.325570913
1665 410.0 185.460510511
1666 410.0 185.595288115
1667 480.0 189.269796041
1668 210.0 175.790317746
1669 530.0 191.992959856
1670 180.0 174.496257485
1671 180.0 174.499551167
1672 105.0 170.710227273
1673 380.0 184.577106993
1674 210.0 176.097371565
1675 105.0 170.808059701
1676 210.0 176.078311456
1677 180.0 174.581544425
1678 180.0 174.58477354
1679 75.0 169.278588446
1680 410.0 186.161904762
1681 80.0 169.60856633
1682 210.0 176.128715815
1683 30.0 167.047237077
1684 355.0 183.399198337
1685 180.0 174.652373887
1686 105.0 170.863285884
1687 180.0 174.616478957
1688 135.0 172.344342417
1689 210.0 176.114416815
1690 240.0 177.651331361
1691 105.0 170.862359551
1692 465.0 189.025561466
1693 180.0 174.778647372
1694 395.0 185.652302243
1695 120.0 171.871681416
1696 105.0 171.082694575
1697 105.0 171.043753683
1698 260.0 178.841578327
1699 80.0 169.788699235
1700 180.0 174.791764706
1701 155.0 173.530864198
1702 210.0 176.300675676
1703 210.0 176.320463887
1704 30.0 167.239876761
1705 210.0 176.259677419
1706 155.0 173.498827667
1707 355.0 183.599297012
1708 185.0 175.105093677
1709 210.0 176.374780573
1710 180.0 174.877777778
1711 155.0 173.616890707
1712 265.0 179.167056075
1713 180.0 174.920023351
1714 105.0 171.131417736
1715 80.0 169.829008746
1716 210.0 176.348630536
1717 155.0 173.587798486
1718 210.0 176.357392317
1719 105.0 171.068935428
1720 210.0 176.338517442
1721 180.0 174.84151656
1722 75.0 169.536585366
1723 185.0 175.042367963
1724 285.0 180.10324826
1725 180.0 174.856231884
1726 410.0 186.48580533
1727 285.0 180.296467863
1728 50.0 168.477864583
1729 590.0 195.706043956
1730 75.0 169.901156069
1731 620.0 197.395436164
1732 105.0 171.606957275
1733 155.0 174.09593191
1734 105.0 171.557525952
1735 210.0 176.826657061
1736 180.0 175.329349078
1737 50.0 168.7609384
1738 105.0 171.472669735
1739 75.0 169.918056354
1740 155.0 173.907183908
1741 115.0 171.874497415
1742 105.0 171.336394948
1743 155.0 173.825588067
1744 30.0 167.496702982
1745 180.0 174.999570201
1746 135.0 172.727949599
1747 210.0 176.497137951
1748 105.0 171.20923913
1749 105.0 171.171383648
1750 180.0 174.924285714
1751 105.0 171.136493432
1752 160.0 173.878567352
1753 105.0 171.090844267
1754 385.0 185.20481756
1755 30.0 167.376495726
1756 110.0 171.34154328
1757 55.0 168.52689243
1758 55.0 168.462315131
1759 410.0 186.339539511
1760 210.0 176.358664773
1761 210.0 176.377768313
1762 210.0 176.39685017
1763 105.0 171.109330686
1764 380.0 184.969954649
1765 180.0 174.972804533
1766 410.0 186.599377123
1767 165.0 174.344086022
1768 15.0 166.758201357
1769 315.0 181.833521764
1770 105.0 171.296045198
1771 380.0 185.156126482
1772 410.0 186.782167043
1773 50.0 168.715172025
1774 80.0 170.164317926
1775 225.0 177.441126761
1776 110.0 171.656390766
1777 110.0 171.621693866
1778 75.0 169.818335208
1779 210.0 176.5871276
1780 210.0 176.605898876
1781 155.0 173.845311623
1782 230.0 177.624719416
1783 30.0 167.547532249
1784 210.0 176.566283632
1785 155.0 173.805742297
1786 460.0 189.207446809
1787 105.0 171.420257415
1788 135.0 172.899049217
1789 120.0 172.119899385
1790 50.0 168.553631285
1791 210.0 176.572305974
1792 215.0 176.843610491
1793 110.0 171.559258226
1794 155.0 173.79877369
1795 155.0 173.788300836
1796 10.0 166.451141425
1797 410.0 186.575542571
1798 75.0 169.772803115
1799 165.0 174.267648694
1800 240.0 178.052083333
1801 260.0 179.097029428
1802 360.0 184.194644839
1803 105.0 171.407792568
1804 155.0 173.89731153
1805 210.0 176.665789474
1806 110.0 171.631644518
1807 45.0 168.313364693
1808 210.0 176.581858407
1809 105.0 171.295190713
1810 120.0 172.016436464
1811 225.0 177.292794036
1812 110.0 171.508830022
1813 75.0 169.706563707
1814 120.0 171.92792172
1815 210.0 176.446418733
1816 95.0 170.654735683
1817 240.0 177.938910292
1818 80.0 169.889438944
1819 80.0 169.84002199
1820 125.0 172.064148352
1821 515.0 191.741762768
1822 120.0 171.963227223
1823 160.0 173.955567745
1824 685.0 200.471354167
1825 60.0 169.161506849
1826 185.0 175.416757941
1827 50.0 168.60180624
1828 80.0 170.052516411
1829 180.0 175.055221432
1830 210.0 176.573497268
1831 155.0 173.813216821
1832 485.0 190.474072052
1833 30.0 167.64893617
1834 105.0 171.362731734
1835 70.0 169.558446866
1836 105.0 171.272331155
1837 530.0 192.706042461
1838 410.0 186.827529924
1839 210.0 176.845568244
1840 120.0 172.317119565
1841 310.0 181.886746334
1842 210.0 176.904723127
1843 75.0 170.103092784
1844 135.0 173.082429501
1845 105.0 171.546341463
1846 45.0 168.479414951
1847 155.0 173.969139145
1848 240.0 178.252570346
1849 210.0 176.77055165
1850 155.0 174.01027027
1851 80.0 170.211507293
1852 155.0 173.951268898
1853 410.0 186.821775499
1854 105.0 171.535868393
1855 205.0 176.551212938
1856 105.0 171.515355603
1857 165.0 174.510231556
1858 75.0 169.959095802
1859 105.0 171.423345885
1860 185.0 175.428494624
1861 10.0 166.594304138
1862 120.0 172.066326531
1863 105.0 171.280730005
1864 105.0 171.245171674
1865 105.0 171.209651475
1866 150.0 173.447079314
1867 135.0 172.676888056
1868 65.0 169.121118844
1869 105.0 171.085741038
1870 105.0 171.05040107
1871 135.0 172.530331374
1872 35.0 167.459535256
1873 315.0 181.530832888
1874 80.0 169.732924226
1875 335.0 182.564266667
1876 260.0 178.857542644
1877 65.0 169.052077784
1878 50.0 168.239084132
1879 50.0 168.176157531
1880 355.0 183.517420213
1881 210.0 176.285353535
1882 180.0 174.788124336
1883 185.0 175.043414764
1884 110.0 171.260881104
1885 210.0 176.278779841
1886 55.0 168.468584305
1887 210.0 176.236486486
1888 180.0 174.739274364
1889 210.0 176.257146638
1890 255.0 178.547619048
1891 110.0 171.265203596
1892 330.0 182.343287526
1893 110.0 171.310882198
1894 180.0 174.813621964
1895 355.0 183.65408971
1896 325.0 182.22943038
1897 80.0 169.931997891
1898 80.0 169.884615385
1899 75.0 169.584781464
1900 535.0 192.765
1901 180.0 175.017622304
1902 210.0 176.535226078
1903 110.0 171.502890173
1904 210.0 176.520483193
1905 105.0 171.235695538
1906 135.0 172.715897167
1907 30.0 167.393812271
1908 135.0 172.624082809
1909 210.0 176.391697224
1910 155.0 173.631937173
1911 75.0 169.582417582
1912 210.0 176.350026151
1913 155.0 173.590303189
1914 180.0 174.842998955
1915 80.0 169.796083551
1916 325.0 182.120694154
1917 210.0 176.388236828
1918 135.0 172.618613139
1919 155.0 173.608910891
1920 180.0 174.861588542
1921 380.0 184.963170224
1922 290.0 180.52016129
1923 105.0 171.235699428
1924 75.0 169.686460499
1925 210.0 176.453896104
1926 180.0 174.956516096
1927 260.0 178.998572911
1928 380.0 185.09971473
1929 260.0 179.141653707
1930 80.0 170.094948187
1931 180.0 175.097488348
1932 185.0 175.352484472
1933 155.0 173.842731505
1934 105.0 171.308428128
1935 30.0 167.487338501
1936 105.0 171.203125
1937 550.0 193.637196696
1938 155.0 173.87745098
1939 80.0 170.080969572
1940 155.0 173.821262887
1941 105.0 171.287094281
1942 155.0 173.777420185
1943 135.0 172.757977355
1944 105.0 171.223894033
1945 180.0 174.976478149
1946 105.0 171.192446043
1947 340.0 183.023112481
1948 210.0 176.540297741
1949 180.0 175.042842483
1950 355.0 183.880641026
1951 210.0 176.647744746
1952 390.0 185.752433402
1953 300.0 181.313236047
1954 410.0 186.927456499
1955 320.0 182.497826087
1956 75.0 170.199130879
1957 180.0 175.451456311
1958 280.0 180.502298264
1959 285.0 180.805513017
1960 210.0 177.072321429
1961 105.0 171.788245793
1962 210.0 177.055045872
1963 105.0 171.771013754
1964 180.0 175.523294297
1965 135.0 173.253816794
1966 50.0 168.94328586
1967 180.0 175.44560244
1968 180.0 175.447916667
1969 210.0 176.964702895
1970 240.0 178.495939086
1971 30.0 167.925925926
1972 180.0 175.428245436
1973 180.0 175.430562595
1974 210.0 176.947315096
1975 120.0 172.420759494
1976 165.0 174.665865385
1977 155.0 174.156170966
1978 180.0 175.408493428
1979 560.0 194.593228903
1980 180.0 175.595454545
1981 105.0 171.811711257
1982 260.0 179.602295661
1983 265.0 179.895234493
1984 105.0 171.861517137
1985 105.0 171.827833753
1986 385.0 185.928121853
1987 155.0 174.418344238
1988 260.0 179.708752515
1989 650.0 199.435394671
1990 105.0 172.151633166
1991 470.0 190.542064289
1992 105.0 172.258283133
1993 410.0 187.619919719
1994 180.0 176.121865597
1995 210.0 177.638095238
1996 225.0 178.411447896
1997 180.0 176.163370055
1998 105.0 172.37962963
1999 355.0 184.964732366
2000 105.0 172.431
2001 135.0 173.911544228
2002 155.0 174.901598402
2003 180.0 176.15351972
2004 260.0 180.193363273
2005 105.0 172.409725686
2006 210.0 177.675847458
2007 80.0 171.130418535
2008 105.0 172.34686255
2009 105.0 172.31333997
2010 265.0 180.355472637
2011 50.0 169.545997016
2012 105.0 172.262549702
2013 180.0 176.014530551
2014 530.0 193.681603774
2015 145.0 174.416997519
2016 210.0 177.683035714
2017 185.0 176.437283094
2018 155.0 174.92740337
2019 210.0 177.69341258
2020 380.0 186.289356436
2021 135.0 174.020039584
2022 135.0 174.00074184
2023 155.0 174.990855166
2024 155.0 174.980978261
2025 155.0 174.971111111
2026 210.0 177.737043435
2027 380.0 186.332634435
2028 365.0 185.671104536
2029 210.0 177.936914736
2030 255.0 180.223768473
2031 380.0 186.569054653
2032 210.0 178.084768701
2033 135.0 174.315420561
2034 315.0 183.380162242
2035 210.0 178.145823096
2036 520.0 193.806114931
2037 210.0 178.32167403
2038 165.0 176.066241413
2039 150.0 175.303825405
2040 495.0 192.702083333
2041 180.0 176.953576678
2042 55.0 170.646914789
2043 210.0 178.412383749
2044 225.0 179.184809198
2045 185.0 177.188630807
2046 335.0 184.762096774
2047 75.0 171.714826575
2048 180.0 176.966308594
2049 105.0 173.183016105
2050 105.0 173.149756098
2051 410.0 188.507801073
2052 50.0 170.449074074
2053 475.0 191.837067706
2054 210.0 178.602361246
2055 120.0 174.076034063
2056 75.0 171.778939689
2057 105.0 173.245746232
2058 75.0 171.698736638
2059 210.0 178.464060223
2060 180.0 176.965533981
2061 210.0 178.480834546
2062 105.0 173.197744908
2063 410.0 188.555138148
2064 180.0 177.056564922
2065 460.0 191.186803874
2066 105.0 173.403678606
2067 105.0 173.370585389
2068 210.0 178.635759188
2069 410.0 188.742750121
2070 50.0 170.68442029
2071 165.0 176.428899083
2072 155.0 175.918798263
2073 625.0 199.624095514
2074 180.0 177.37536162
2075 385.0 187.720481928
2076 80.0 172.425939306
2077 50.0 170.867717862
2078 180.0 177.368984601
2079 80.0 172.324555075
2080 105.0 173.541586538
2081 155.0 176.031475252
2082 210.0 178.796469741
2083 210.0 178.811449832
2084 105.0 173.528550864
2085 105.0 173.495683453
2086 210.0 178.760666347
2087 180.0 177.261978917
2088 210.0 178.776939655
2089 180.0 177.278243179
2090 180.0 177.279545455
2091 105.0 173.496771879
2092 490.0 192.888862333
2093 210.0 178.903726708
2094 180.0 177.404966571
2095 240.0 180.433412888
2096 240.0 180.461832061
2097 210.0 178.976633286
2098 180.0 177.477836034
2099 545.0 195.89423535
2100 105.0 173.861428571
2101 105.0 173.828653022
2102 260.0 181.61596099
2103 155.0 176.355801236
2104 155.0 176.345651141
2105 80.0 172.551662708
2106 240.0 180.579890788
2107 105.0 173.797223541
2108 240.0 180.575426945
2109 815.0 209.612612613
2110 265.0 182.151895735
2111 155.0 176.641639034
2112 215.0 179.658380682
2113 180.0 177.909370563
2114 105.0 174.126655629
2115 135.0 175.607446809
2116 435.0 190.722944234
2117 155.0 176.712683042
2118 180.0 177.963644948
2119 260.0 182.000471921
2120 155.0 176.740212264
2121 155.0 176.729962282
2122 210.0 179.494344958
2123 225.0 180.265426284
2124 50.0 171.458215631
2125 135.0 175.689058824
2126 210.0 179.453433678
2127 885.0 213.519275976
2128 210.0 179.783482143
2129 275.0 183.076679192
2130 165.0 177.570774648
2131 75.0 173.024753637
2132 335.0 186.094629456
2133 155.0 177.08427098
2134 310.0 184.892924086
2135 180.0 178.393676815
2136 105.0 174.611072097
2137 275.0 183.154071128
2138 120.0 175.378157156
2139 135.0 176.108929406
2140 210.0 179.873014019
2141 210.0 179.887085474
2142 155.0 177.1267507
2143 105.0 174.594260383
2144 110.0 174.814015858
2145 110.0 174.783799534
2146 180.0 178.284599254
2147 210.0 179.798672566
2148 515.0 195.197625698
2149 155.0 177.187296417
2150 155.0 177.176976744
2151 210.0 179.940957694
2152 210.0 179.954925651
2153 80.0 173.411518811
2154 75.0 173.115947075
2155 135.0 176.096867749
2156 155.0 177.086618738
2157 210.0 179.850602689
2158 155.0 177.090361446
2159 110.0 174.810328856
2160 180.0 178.311111111
2161 265.0 182.599259602
2162 465.0 192.725254394
2163 260.0 182.5110957
2164 210.0 180.024953789
2165 390.0 189.11778291
2166 105.0 174.835526316
2167 410.0 190.187009691
2168 210.0 180.20076107
2169 380.0 188.788958045
2170 75.0 173.493548387
2171 105.0 174.961308153
2172 165.0 177.9553407
2173 485.0 194.089277497
2174 210.0 180.352920883
2175 155.0 177.592528736
2176 210.0 180.356158088
2177 210.0 180.36977492
2178 180.0 178.870293848
2179 180.0 178.870812299
2180 180.0 178.871330275
2181 155.0 177.610958276
2182 120.0 175.83535747
2183 155.0 177.575011452
2184 210.0 180.338598901
2185 180.0 178.839130435
2186 185.0 179.091834401
2187 155.0 177.581504344
2188 425.0 191.188414077
2189 155.0 177.678049338
2190 210.0 180.441552511
2191 105.0 175.159516203
2192 135.0 176.640510949
2193 240.0 181.917008664
2194 105.0 175.135027347
2195 75.0 173.590091116
2196 210.0 180.35359745
2197 210.0 180.367091488
2198 180.0 178.867606915
2199 190.0 179.372442019
2200 180.0 178.872954545
2201 135.0 176.604043617
2202 210.0 180.367506812
2203 545.0 197.275419882
2204 185.0 179.278017241
2205 210.0 180.54138322
2206 155.0 177.781051677
2207 410.0 190.630493883
2208 180.0 179.130887681
2209 255.0 182.913535536
2210 105.0 175.381674208
2211 260.0 183.166440525
2212 210.0 180.679701627
2213 105.0 175.397876186
2214 210.0 180.661133695
2215 180.0 179.161512415
2216 460.0 193.281926895
2217 590.0 199.957938656
2218 260.0 183.492448151
2219 225.0 181.761942316
2220 135.0 177.242905405
2221 210.0 181.005965781
2222 210.0 181.019014401
2223 105.0 175.737179487
2224 75.0 174.192558453
2225 215.0 181.207752809
2226 210.0 180.970799641
2227 260.0 183.505163898
2228 180.0 179.505385996
2229 105.0 175.723642889
2230 355.0 188.298430493
2231 105.0 175.766696549
2232 290.0 185.063732079
2233 380.0 189.649014778
2234 135.0 177.38003581
2235 105.0 175.848322148
2236 105.0 175.816636852
2237 75.0 174.272239607
2238 440.0 192.632819482
2239 460.0 193.751786512
2240 425.0 192.105803571
2241 440.0 192.966086568
2242 215.0 181.730932203
2243 210.0 181.493646901
2244 210.0 181.506350267
2245 225.0 182.275389755
2246 240.0 183.050756901
2247 105.0 176.269025367
2248 260.0 184.052824733
2249 290.0 185.599266341
2250 310.0 186.654111111
2251 180.0 180.154042648
2252 80.0 175.11178952
2253 135.0 177.842765202
2254 210.0 181.605368234
2255 210.0 181.617960089
2256 50.0 173.563164894
2257 370.0 189.643110323
2258 320.0 187.201948627
2259 65.0 174.403497123
2260 180.0 180.153429204
2261 210.0 181.665966387
2262 240.0 183.191091954
2263 420.0 192.291758727
2264 475.0 195.165415194
2265 180.0 180.415231788
2266 50.0 173.86054722
2267 260.0 184.39391266
2268 620.0 202.578042328
2269 135.0 178.308946673
2270 105.0 176.777312775
2271 135.0 178.258256275
2272 180.0 180.50803257
2273 180.0 180.507809063
2274 180.0 180.507585752
2275 180.0 180.507362637
2276 440.0 193.615663445
2277 105.0 176.834101888
2278 315.0 187.390144864
2279 210.0 182.15236946
2280 240.0 183.677083333
2281 80.0 175.635138097
2282 210.0 182.147348817
2283 210.0 182.159548839
2284 460.0 194.775722417
2285 180.0 180.775382932
2286 105.0 176.993875766
2287 135.0 178.474857892
2288 520.0 197.865712413
2289 365.0 190.19211446
2290 355.0 189.76430131
2291 225.0 183.282518551
2292 120.0 178.007198953
2293 245.0 184.28368949
2294 565.0 200.442676548
2295 210.0 182.704575163
2296 50.0 174.650261324
2297 165.0 180.393556813
2298 380.0 191.225739774
2299 240.0 184.25
2300 110.0 177.720543478
2301 210.0 182.732398957
2302 380.0 191.314400521
2303 180.0 181.313829787
2304 105.0 177.532335069
2305 75.0 175.988503254
2306 210.0 182.750325239
2307 135.0 178.981252709
2308 105.0 177.449848354
2309 215.0 182.963728887
2310 30.0 173.651515152
2311 210.0 182.663349199
2312 50.0 174.609429066
2313 60.0 175.059662776
2314 210.0 182.571521175
2315 410.0 192.665442765
2316 135.0 178.896481002
2317 105.0 177.365235218
2318 55.0 174.81352459
2319 210.0 182.575355757
2320 120.0 178.050323276
2321 425.0 193.400150797
2322 465.0 195.516257537
2323 180.0 181.265712441
2324 110.0 177.736553356
2325 80.0 176.19516129
2326 180.0 181.194647463
2327 380.0 191.275784272
2328 210.0 182.787478522
2329 75.0 175.994096179
2330 210.0 182.755793991
2331 290.0 186.8000858
2332 945.0 219.861170669
2333 210.0 183.122696099
2334 210.0 183.134211654
2335 210.0 183.145717345
2336 440.0 194.750749144
2337 180.0 181.75
2338 225.0 184.017536356
2339 105.0 177.98631894
2340 180.0 181.735576923
2341 365.0 191.059910295
2342 355.0 190.630123826
2343 520.0 199.017178831
2344 315.0 188.821032423
2345 320.0 189.126865672
2346 140.0 180.109761296
2347 410.0 193.701959949
2348 210.0 183.713160136
2349 240.0 185.23648361
2350 260.0 186.26787234
2351 80.0 177.226499362
2352 155.0 180.965454932
2353 270.0 186.750849979
2354 210.0 183.76200085
2355 180.0 182.26104034
2356 180.0 182.260080645
2357 390.0 192.843763258
2358 105.0 178.562553011
2359 180.0 182.3115727
2360 210.0 183.822669492
2361 105.0 178.541507836
2362 500.0 198.419242168
2363 135.0 180.150126957
2364 180.0 182.399111675
2365 180.0 182.398097252
2366 385.0 192.729395604
2367 210.0 183.990388678
2368 135.0 180.221283784
2369 180.0 182.470240608
2370 345.0 190.785337553
2371 260.0 186.566322227
2372 380.0 192.645341484
2373 210.0 184.156236831
2374 105.0 178.875105307
2375 210.0 184.136
2376 450.0 196.242845118
2377 380.0 192.821623896
2378 135.0 180.55246005
2379 155.0 181.541298865
2380 535.0 200.681827731
2381 455.0 196.790319194
2382 650.0 206.726490344
2383 210.0 184.737096097
2384 210.0 184.747692953
2385 210.0 184.758280922
2386 105.0 179.477053646
2387 180.0 183.225701718
2388 180.0 183.224350921
2389 355.0 192.042591042
2390 210.0 184.803138075
2391 290.0 188.84546215
2392 180.0 183.344063545
2393 210.0 184.854575846
2394 210.0 184.865079365
2395 155.0 182.103757829
2396 180.0 183.352358097
2397 155.0 182.091051314
2398 180.0 183.339658048
2399 105.0 179.558566069
2400 180.0 183.3071875
2401 180.0 183.305810079
2402 160.0 182.29652373
2403 155.0 182.035268414
2404 180.0 183.28390183
2405 180.0 183.282536383
2406 210.0 184.793017456
2407 385.0 193.622559202
2408 180.0 183.371158638
2409 180.0 183.369759236
2410 210.0 184.880186722
2411 105.0 179.599232684
2412 180.0 183.347844113
2413 180.0 183.346456693
2414 155.0 182.08523198
2415 180.0 183.333850932
2416 210.0 184.844267384
2417 180.0 183.34288374
2418 180.0 183.341501241
2419 210.0 184.851901612
2420 210.0 184.862293388
2421 105.0 179.581474597
2422 135.0 181.06244839
2423 210.0 184.822843582
2424 290.0 188.864583333
2425 105.0 179.583814433
2426 210.0 184.844187964
2427 155.0 182.08302431
2428 210.0 184.843389621
2429 180.0 183.342013174
2430 635.0 206.268518519
2431 180.0 183.517071164
2432 155.0 182.255859375
2433 210.0 185.016132347
2434 180.0 183.514687757
2435 180.0 183.513244353
2436 210.0 185.023501642
2437 155.0 182.262310217
2438 180.0 183.510869565
2439 635.0 206.436654367
2440 410.0 195.274692623
2441 180.0 183.773146252
2442 180.0 183.771601147
2443 210.0 185.281723291
2444 180.0 183.780175941
2445 210.0 185.290286299
2446 180.0 183.788736713
2447 440.0 196.88812832
2448 180.0 183.886540033
2449 180.0 183.884953042
2450 210.0 185.395
2451 180.0 183.893410853
2452 180.0 183.891823002
2453 380.0 193.967692621
2454 180.0 183.966075795
2455 180.0 183.964460285
2456 210.0 185.474450326
2457 180.0 183.972832723
2458 180.0 183.971216436
2459 240.0 186.992781619
2460 155.0 182.731504065
2461 210.0 185.491466883
2462 155.0 182.730199025
2463 180.0 183.978583029
2464 180.0 183.976968344
2465 180.0 183.97535497
2466 180.0 183.973742903
2467 180.0 183.972132144
2468 180.0 183.97052269
2469 265.0 188.251620089
2470 180.0 184.0
2471 180.0 183.998381222
2472 155.0 182.737156149
2473 180.0 183.985543874
2474 520.0 201.114490703
2475 180.0 184.112828283
2476 135.0 181.843901454
2477 135.0 181.824989907
2478 240.0 187.096347861
2479 210.0 185.606192013
2480 105.0 180.325806452
2481 180.0 184.074163644
2482 180.0 184.07252216
2483 135.0 181.803664921
2484 180.0 184.052033011
2485 210.0 185.561871227
2486 180.0 184.060237329
2487 210.0 185.570064335
2488 180.0 184.068428457
2489 380.0 194.143129771
2490 180.0 184.141465863
2491 460.0 198.246587716
2492 180.0 184.244883628
2493 180.0 184.243180907
2494 185.0 184.493384122
2495 210.0 185.753106212
2496 180.0 184.251402244
2497 210.0 185.761113336
2498 210.0 185.770816653
2499 135.0 182.0020008
2500 460.0 198.3567
2501 210.0 185.866353459
2502 180.0 184.364608313
2503 210.0 185.874250899
2504 180.0 184.372503994
2505 155.0 183.111277445
2506 210.0 185.870909816
2507 105.0 180.590745911
2508 180.0 184.339015152
2509 135.0 182.07024711
2510 135.0 182.051494024
2511 385.0 194.627339705
2512 275.0 189.161524682
2513 120.0 181.387087147
2514 180.0 184.385342084
2515 210.0 185.894930417
2516 620.0 206.55932035
2517 410.0 196.144318633
2518 210.0 186.153792693
2519 180.0 184.651945216
2520 285.0 189.93968254
2521 210.0 186.19912733
2522 210.0 186.208564631
2523 180.0 184.706698375
2524 620.0 206.87044374
2525 210.0 186.37980198
2526 135.0 182.61094616
2527 265.0 189.140977444
2528 155.0 183.629647943
2529 180.0 184.877718466
2530 180.0 184.875790514
2531 410.0 196.460193599
2532 180.0 184.958234597
2533 180.0 184.956277142
2534 180.0 184.954321231
2535 180.0 184.952366864
2536 155.0 183.691048896
2537 210.0 186.450335041
2538 180.0 184.948384555
2539 180.0 184.946435605
2540 135.0 182.67765748
2541 210.0 186.436934278
2542 135.0 182.668174666
2543 135.0 182.649429807
2544 210.0 186.408706761
2545 240.0 187.929174853
2546 535.0 202.809701493
2547 210.0 186.568904594
2548 180.0 185.066915228
2549 105.0 181.286975284
2550 635.0 207.954509804
2551 135.0 182.935711486
2552 155.0 183.924373041
2553 530.0 202.802585194
2554 180.0 185.300509005
2555 155.0 184.039138943
2556 135.0 183.020344288
2557 135.0 183.001564333
2558 210.0 186.760652854
2559 500.0 201.377393513
2560 155.0 184.116015625
2561 180.0 185.363920344
2562 240.0 188.384074941
2563 180.0 185.381974249
2564 210.0 186.89099064
2565 210.0 186.9
2566 210.0 186.909002338
2567 210.0 186.917997663
2568 155.0 184.156639408
2569 180.0 185.404534838
2570 180.0 185.402431907
2571 180.0 185.400330611
2572 180.0 185.398230949
2573 180.0 185.396132919
2574 180.0 185.394036519
2575 180.0 185.391941748
2576 180.0 185.389848602
2577 180.0 185.387757082
2578 525.0 202.762800621
2579 155.0 184.251454052
2580 180.0 185.499321705
2581 155.0 184.237989151
2582 210.0 186.996901627
2583 380.0 195.568331398
2584 180.0 185.566176471
2585 180.0 185.564023211
2586 180.0 185.561871616
2587 160.0 184.552377271
2588 180.0 185.550231839
2589 230.0 188.066434917
2590 180.0 185.564285714
2591 180.0 185.562138171
2592 180.0 185.559992284
2593 210.0 187.068839182
2594 210.0 187.07767926
2595 180.0 185.575529865
2596 180.0 185.573382126
2597 180.0 185.571236042
2598 105.0 181.791666667
2599 180.0 185.539534436
2600 180.0 185.537403846
2601 180.0 185.535274894
2602 105.0 181.755764796
2603 180.0 185.503649635
2604 460.0 199.603686636
2605 180.0 185.601535509
2606 210.0 187.110322333
2607 120.0 182.586306099
2608 210.0 187.095092025
2609 135.0 183.326561901
2610 155.0 184.31532567
2611 210.0 187.074109537
2612 180.0 185.571975498
2613 155.0 184.310753923
2614 180.0 185.558626626
2615 470.0 200.161854685
2616 180.0 185.659690367
2617 410.0 197.241020252
2618 490.0 201.3513178
2619 180.0 185.84908362
2620 255.0 189.624045802
2621 210.0 187.382678367
2622 180.0 185.880434783
2623 210.0 187.38905833
2624 120.0 182.865091463
2625 210.0 187.373714286
2626 180.0 185.871477532
2627 210.0 187.380091359
2628 490.0 201.489916286
2629 210.0 187.498478509
2630 155.0 184.7371673
2631 180.0 185.984891676
2632 210.0 187.493446049
2633 180.0 185.991169768
2634 210.0 187.499715262
2635 180.0 185.99743833
2636 210.0 187.505974962
2637 180.0 186.003697383
2638 180.0 186.001421531
2639 120.0 182.977548314
2640 105.0 182.198295455
2641 180.0 185.946043165
2642 105.0 182.166824375
2643 105.0 182.137627696
2644 210.0 187.39618003
2645 210.0 187.404725898
2646 80.0 180.866591081
2647 180.0 185.864374764
2648 210.0 187.372922961
2649 30.0 178.316912042
2650 180.0 185.814716981
2651 210.0 187.323274236
2652 180.0 185.821078431
2653 210.0 187.329626838
2654 180.0 185.827430294
2655 155.0 184.566290019
2656 155.0 184.555158133
2657 210.0 187.313699661
2658 210.0 187.322234763
2659 210.0 187.330763445
2660 155.0 184.569642857
2661 180.0 185.817455844
2662 410.0 197.397351615
2663 410.0 197.477187383
2664 210.0 187.485641892
2665 155.0 184.724484053
2666 380.0 196.043510878
2667 180.0 186.041244844
2668 180.0 186.03898051
2669 210.0 187.547396028
2670 105.0 182.268445693
2671 120.0 182.994852115
2672 180.0 185.992608533
2673 105.0 182.213711186
2674 210.0 187.472139117
2675 210.0 187.480560748
2676 180.0 185.978325859
2677 180.0 185.976092641
2678 180.0 185.97386109
2679 210.0 187.482269504
2680 380.0 196.050932836
2681 180.0 186.048675867
2682 210.0 187.55704698
2683 180.0 186.054789415
2684 210.0 187.563152012
2685 135.0 183.794972067
2686 105.0 182.266195086
2687 210.0 187.524562709
2688 210.0 187.532924107
2689 210.0 187.541279286
2690 155.0 184.780204461
2691 180.0 186.027963582
2692 735.0 213.971582467
2693 135.0 183.953397698
2694 180.0 186.201095026
2695 180.0 186.198794063
2696 210.0 187.707066024
2697 210.0 187.71533185
2698 105.0 182.436619718
2699 210.0 187.694886995
2700 180.0 186.192592593
2701 180.0 186.190299889
2702 210.0 187.698556625
2703 210.0 187.706807251
2704 410.0 197.785318047
2705 180.0 186.282994455
2706 830.0 219.00886918
2707 180.0 186.506464721
2708 135.0 184.23827548
2709 180.0 186.485880399
2710 180.0 186.483487085
2711 180.0 186.481095537
2712 135.0 184.212942478
2713 180.0 186.460560265
2714 180.0 186.458179808
2715 180.0 186.455801105
2716 180.0 186.453424153
2717 180.0 186.451048951
2718 180.0 186.448675497
2719 180.0 186.446303788
2720 180.0 186.443933824
2721 105.0 182.665380375
2722 410.0 197.993295371
2723 180.0 186.49091076
2724 185.0 186.740271659
2725 180.0 186.487889908
2726 210.0 187.995964784
2727 180.0 186.493582692
2728 180.0 186.491202346
2729 185.0 186.740564309
2730 180.0 186.488186813
2731 210.0 187.996246796
2732 380.0 196.563415081
2733 155.0 185.302323454
2734 750.0 215.247988296
2735 210.0 188.255941499
2736 180.0 186.753472222
2737 210.0 188.261417611
2738 210.0 188.269357195
2739 210.0 188.277290982
2740 355.0 195.585492701
2741 180.0 186.832998906
2742 180.0 186.830506929
2743 410.0 198.407674079
2744 180.0 186.905156706
2745 155.0 185.643989071
2746 380.0 196.960670066
2747 180.0 186.958136149
2748 180.0 186.955604076
2749 210.0 188.463441251
2750 135.0 184.695363636
2751 180.0 186.942838968
2752 180.0 186.940316134
2753 105.0 183.161914275
2754 180.0 186.909404503
2755 155.0 185.648275862
2756 180.0 186.895772859
2757 180.0 186.893271672
2758 210.0 188.401105874
2759 210.0 188.408934397
2760 180.0 186.906431159
2761 180.0 186.903929736
2762 180.0 186.901430123
2763 180.0 186.89893232
2764 180.0 186.896436324
2765 210.0 188.404249548
2766 180.0 186.901753435
2767 180.0 186.899259125
2768 180.0 186.896766618
2769 180.0 186.894275912
2770 180.0 186.891787004
2771 180.0 186.889299892
2772 180.0 186.886814574
2773 180.0 186.884331049
2774 180.0 186.881849315
2775 410.0 198.458108108
2776 135.0 184.690201729
2777 180.0 186.937702557
2778 180.0 186.935205184
2779 210.0 188.442965095
2780 210.0 188.450719424
2781 180.0 186.948220065
2782 245.0 190.217918763
2783 180.0 186.96541502
2784 180.0 186.962913075
2785 180.0 186.960412926
2786 180.0 186.957914573
2787 155.0 185.696896304
2788 180.0 186.944404591
2789 180.0 186.941914665
2790 180.0 186.939426523
2791 210.0 188.447151559
2792 180.0 186.944663324
2793 180.0 186.942176871
2794 180.0 186.939692198
2795 210.0 188.447406082
2796 180.0 186.944921316
2797 180.0 186.942438327
2798 180.0 186.939957112
2799 210.0 188.447659879
2800 180.0 186.945178571
2801 180.0 186.942699036
2802 180.0 186.940221271
2803 180.0 186.937745273
2804 180.0 186.935271041
2805 180.0 186.932798574
2806 180.0 186.930327869
2807 180.0 186.927858924
2808 180.0 186.925391738
2809 180.0 186.922926308
2810 180.0 186.920462633
2811 180.0 186.918000711
2812 180.0 186.915540541
2813 180.0 186.913082119
2814 180.0 186.910625444
2815 180.0 186.908170515
2816 135.0 184.640536222
2817 180.0 186.888090167
2818 180.0 186.885645848
2819 180.0 186.883203264
2820 180.0 186.880762411
2821 180.0 186.87832329
2822 180.0 186.875885897
2823 155.0 185.615037194
2824 485.0 202.215208924
2825 180.0 186.962743363
2826 180.0 186.960279547
2827 180.0 186.957817474
2828 180.0 186.955357143
2829 210.0 188.462972782
2830 180.0 186.960512367
2831 180.0 186.958053691
2832 355.0 195.764300847
2833 180.0 187.011824921
2834 180.0 187.009350741
2835 180.0 187.006878307
2836 180.0 187.004407616
2837 155.0 185.743567148
2838 180.0 186.991102889
2839 180.0 186.988640366
2840 155.0 185.727816901
2841 155.0 185.717001056
2842 210.0 188.474577762
2843 180.0 186.972124516
2844 180.0 186.969672996
2845 180.0 186.967223199
2846 180.0 186.964775123
2847 180.0 186.962328767
2848 410.0 198.536604635
2849 210.0 188.544138294
2850 180.0 187.041666667
2851 210.0 188.549193266
2852 180.0 187.046721599
2853 180.0 187.044251665
2854 180.0 187.041783462
2855 180.0 187.039316988
2856 210.0 188.546831232
2857 180.0 187.044364718
2858 180.0 187.04189993
2859 180.0 187.039436866
2860 210.0 188.546940559
2861 180.0 187.044477455
2862 410.0 198.618361286
2863 155.0 185.857579462
2864 210.0 188.615048883
2865 180.0 187.112565445
2866 180.0 187.11008374
2867 180.0 187.107603767
2868 180.0 187.105125523
2869 180.0 187.102649007
2870 180.0 187.100174216
2871 180.0 187.097701149
2872 210.0 188.605153203
2873 135.0 184.837800209
2874 180.0 187.085334029
2875 210.0 188.592782609
2876 180.0 187.090316412
2877 180.0 187.087851929
2878 180.0 187.085389159
2879 180.0 187.0829281
2880 180.0 187.08046875
2881 180.0 187.078011107
2882 180.0 187.07555517
2883 180.0 187.073100937
2884 180.0 187.070648405
2885 180.0 187.068197574
2886 180.0 187.065748441
2887 180.0 187.063301005
2888 180.0 187.060855263
2889 180.0 187.058411215
2890 180.0 187.055968858
2891 180.0 187.053528191
2892 180.0 187.051089212
2893 180.0 187.048651918
2894 180.0 187.04621631
2895 180.0 187.043782383
2896 180.0 187.041350138
2897 180.0 187.038919572
2898 180.0 187.036490683
2899 180.0 187.03406347
2900 180.0 187.031637931
2901 180.0 187.029214064
2902 180.0 187.026791868
2903 180.0 187.02437134
2904 180.0 187.021952479
2905 180.0 187.019535284
2906 180.0 187.017119752
2907 180.0 187.014705882
2908 180.0 187.012293673
2909 180.0 187.009883121
2910 180.0 187.007474227
2911 180.0 187.005066987
2912 180.0 187.002661401
2913 210.0 188.510041195
2914 180.0 187.007635553
2915 210.0 188.515008576
2916 180.0 187.012602881
2917 180.0 187.010198834
2918 180.0 187.007796436
2919 180.0 187.005395683
2920 180.0 187.002996575
2921 180.0 187.00059911
2922 180.0 186.998203285
2923 460.0 201.086811495
2924 180.0 187.084387825
2925 180.0 187.081965812
2926 180.0 187.079545455
2927 180.0 187.077126751
2928 180.0 187.074709699
2929 210.0 188.582024582
2930 410.0 198.654180887
2931 180.0 187.15174002
2932 180.0 187.149300819
2933 410.0 198.721360382
2934 180.0 187.218899114
2935 180.0 187.216439523
2936 180.0 187.213981608
2937 210.0 188.721229145
2938 135.0 184.954220558
2939 180.0 187.201769309
2940 210.0 188.709013605
2941 180.0 187.206562394
2942 180.0 187.204112848
2943 135.0 184.937138974
2944 155.0 185.926630435
2945 135.0 184.909677419
2946 155.0 185.899185336
2947 105.0 183.372582287
2948 180.0 187.120166214
2949 180.0 187.11775178
2950 180.0 187.115338983
2951 180.0 187.112927821
2952 210.0 188.620172764
2953 210.0 188.627412801
2954 155.0 185.866960054
2955 180.0 187.114551607
2956 210.0 188.621786198
2957 180.0 187.119377748
2958 490.0 202.71653144
2959 210.0 188.723724231
2960 210.0 188.730912162
2961 180.0 187.228470111
2962 210.0 188.735651587
2963 180.0 187.233209585
2964 210.0 188.740384615
2965 180.0 187.237942664
2966 180.0 187.23550236
2967 180.0 187.233063701
2968 355.0 196.036640836
2969 180.0 187.284186595
2970 410.0 198.85530303
2971 180.0 187.352827331
2972 180.0 187.350353297
2973 210.0 188.857467205
2974 180.0 187.354993275
2975 180.0 187.352521008
2976 135.0 185.085685484
2977 180.0 187.333221364
2978 180.0 187.330758899
2979 460.0 201.417589795
2980 210.0 188.92466443
2981 180.0 187.422173767
2982 180.0 187.419684775
2983 210.0 188.926751592
2984 180.0 187.424262735
2985 180.0 187.421775544
2986 180.0 187.41929002
2987 265.0 191.693839973
2988 525.0 204.801037483
2989 180.0 187.548511208
2990 180.0 187.545986622
2991 485.0 202.89033768
2992 180.0 187.637784091
2993 180.0 187.635232208
2994 180.0 187.632682031
2995 180.0 187.630133556
2996 180.0 187.627586782
2997 180.0 187.625041708
2998 210.0 189.13200467
2999 565.0 207.001417139
3000 410.0 199.321666667
3001 180.0 187.819060313
3002 180.0 187.816455696
3003 180.0 187.813852814
3004 180.0 187.811251664
3005 180.0 187.808652246
3006 180.0 187.806054558
3007 180.0 187.803458597
3008 210.0 189.310339096
3009 180.0 187.807743436
3010 180.0 187.805149502
3011 180.0 187.80255729
3012 180.0 187.799966799
3013 180.0 187.797378029
3014 180.0 187.794790975
3015 180.0 187.792205638
3016 180.0 187.789622016
3017 180.0 187.787040106
3018 180.0 187.784459907
3019 180.0 187.781881418
3020 180.0 187.779304636
3021 180.0 187.77672956
3022 180.0 187.774156188
3023 180.0 187.771584519
3024 180.0 187.76901455
3025 180.0 187.766446281
3026 180.0 187.763879709
3027 180.0 187.761314833
3028 210.0 189.268163804
3029 180.0 187.765599208
3030 180.0 187.763036304
3031 180.0 187.760475091
3032 180.0 187.757915567
3033 180.0 187.755357732
3034 265.0 192.029416612
3035 180.0 187.776853377
3036 525.0 205.132246377
3037 180.0 187.879650971
3038 180.0 187.877057275
3039 180.0 187.874465285
3040 180.0 187.871875
3041 180.0 187.869286419
3042 355.0 196.671351085
3043 180.0 187.918747946
3044 180.0 187.916146518
3045 180.0 187.913546798
3046 180.0 187.910948785
3047 180.0 187.908352478
3048 180.0 187.905757874
3049 105.0 184.129796655
3050 180.0 187.877213115
3051 180.0 187.874631268
3052 180.0 187.872051114
3053 180.0 187.86947265
3054 180.0 187.866895874
3055 265.0 192.140752864
3056 180.0 187.888170812
3057 180.0 187.885590448
3058 180.0 187.883011772
3059 180.0 187.880434783
3060 180.0 187.877859477
3061 180.0 187.875285854
3062 180.0 187.872713912
3063 180.0 187.87014365
3064 180.0 187.867575065
3065 180.0 187.865008157
3066 180.0 187.862442922
3067 180.0 187.859879361
3068 180.0 187.857317471
3069 180.0 187.85475725
3070 180.0 187.852198697
3071 180.0 187.84964181
3072 180.0 187.847086589
3073 180.0 187.84453303
3074 180.0 187.841981132
3075 180.0 187.839430894
3076 180.0 187.836882315
3077 180.0 187.834335392
3078 180.0 187.831790123
3079 180.0 187.829246509
3080 180.0 187.826704545
3081 180.0 187.824164232
3082 180.0 187.821625568
3083 135.0 185.555222186
3084 180.0 187.80269131
3085 180.0 187.800162075
3086 180.0 187.797634478
3087 180.0 187.79510852
3088 525.0 205.148720855
3089 180.0 187.896163807
3090 180.0 187.893608414
3091 180.0 187.891054675
3092 180.0 187.888502587
3093 180.0 187.88595215
3094 180.0 187.883403361
3095 180.0 187.88085622
3096 180.0 187.878310724
3097 180.0 187.875766871
3098 180.0 187.873224661
3099 180.0 187.870684092
3100 410.0 199.438629032
3101 180.0 187.93606901
3102 180.0 187.933510638
3103 180.0 187.930953916
3104 180.0 187.92839884
3105 180.0 187.925845411
3106 180.0 187.923293625
3107 180.0 187.920743482
3108 180.0 187.918194981
3109 180.0 187.915648118
3110 180.0 187.913102894
3111 180.0 187.910559306
3112 180.0 187.908017352
3113 180.0 187.905477032
3114 180.0 187.902938343
3115 210.0 189.409550562
3116 180.0 187.907012195
3117 180.0 187.904475457
3118 180.0 187.901940346
3119 180.0 187.899406861
3120 180.0 187.896875
3121 180.0 187.894344761
3122 180.0 187.891816143
3123 180.0 187.889289145
3124 180.0 187.886763764
3125 180.0 187.88424
3126 180.0 187.88171785
3127 180.0 187.879197314
3128 180.0 187.876678389
3129 180.0 187.874161074
3130 180.0 187.871645367
3131 180.0 187.869131268
3132 180.0 187.866618774
3133 180.0 187.864107884
3134 180.0 187.861598596
3135 180.0 187.859090909
3136 180.0 187.856584821
3137 180.0 187.854080332
3138 180.0 187.851577438
3139 180.0 187.849076139
3140 180.0 187.846576433
3141 180.0 187.844078319
3142 180.0 187.841581795
3143 180.0 187.83908686
3144 180.0 187.836593511
3145 180.0 187.834101749
3146 180.0 187.83161157
3147 180.0 187.829122974
3148 180.0 187.826635959
3149 180.0 187.824150524
3150 180.0 187.821666667
3151 180.0 187.819184386
3152 180.0 187.81670368
3153 180.0 187.814224548
3154 180.0 187.811746988
3155 180.0 187.809270998
3156 180.0 187.806796578
3157 180.0 187.804323725
3158 180.0 187.801852438
3159 180.0 187.799382716
3160 265.0 192.072468354
3161 180.0 187.819993673
3162 180.0 187.817520557
3163 180.0 187.815049004
3164 180.0 187.812579014
3165 180.0 187.810110585
3166 525.0 205.161165509
3167 180.0 187.908667509
3168 180.0 187.906171086
3169 180.0 187.903676239
3170 180.0 187.901182965
3171 180.0 187.898691265
3172 180.0 187.896201135
3173 180.0 187.893712575
3174 180.0 187.891225583
3175 265.0 192.164173228
3176 180.0 187.91168136
3177 180.0 187.909191061
3178 180.0 187.906702329
3179 180.0 187.904215162
3180 180.0 187.90172956
3181 180.0 187.89924552
3182 180.0 187.896763042
3183 180.0 187.894282124
3184 180.0 187.891802764
3185 180.0 187.889324961
3186 180.0 187.886848713
3187 180.0 187.884374019
3188 180.0 187.881900878
3189 180.0 187.879429288
3190 180.0 187.876959248
3191 180.0 187.874490755
3192 180.0 187.87202381
3193 180.0 187.869558409
3194 180.0 187.867094552
3195 180.0 187.864632238
3196 180.0 187.862171464
3197 180.0 187.85971223
3198 180.0 187.857254534
3199 180.0 187.854798374
3200 180.0 187.85234375
3201 180.0 187.849890659
3202 180.0 187.847439101
3203 180.0 187.844989073
3204 180.0 187.842540574
3205 180.0 187.840093604
3206 180.0 187.83764816
3207 180.0 187.835204241
3208 180.0 187.832761845
3209 180.0 187.830320972
3210 180.0 187.82788162
3211 180.0 187.825443787
3212 180.0 187.823007472
3213 355.0 196.622315593
3214 180.0 187.86986621
3215 180.0 187.867418351
3216 180.0 187.864972015
3217 180.0 187.862527199
3218 180.0 187.860083903
3219 180.0 187.857642125
3220 180.0 187.855201863
3221 180.0 187.852763117
3222 180.0 187.850325885
3223 180.0 187.847890164
3224 180.0 187.845455955
3225 180.0 187.843023256
3226 180.0 187.840592064
3227 180.0 187.83816238
3228 180.0 187.835734201
3229 180.0 187.833307526
3230 180.0 187.830882353
3231 180.0 187.828458682
3232 180.0 187.82603651
3233 180.0 187.823615837
3234 180.0 187.82119666
3235 180.0 187.81877898
3236 180.0 187.816362794
3237 180.0 187.8139481
3238 180.0 187.811534898
3239 180.0 187.809123186
3240 180.0 187.806712963
3241 180.0 187.804304227
3242 180.0 187.801896977
3243 180.0 187.799491212
3244 180.0 187.79708693
3245 180.0 187.794684129
3246 180.0 187.79228281
3247 180.0 187.789882969
3248 180.0 187.787484606
3249 180.0 187.785087719
3250 180.0 187.782692308
3251 180.0 187.78029837
3252 180.0 187.777905904
3253 180.0 187.775514909
3254 180.0 187.773125384
3255 180.0 187.770737327
3256 210.0 189.277103808
3257 180.0 187.774715996
3258 180.0 187.77232965
3259 180.0 187.769944768
3260 180.0 187.76756135
3261 180.0 187.765179393
3262 180.0 187.762798896
3263 210.0 189.269154153
3264 180.0 187.766773897
3265 180.0 187.7643951
3266 180.0 187.762017759
3267 180.0 187.759641873
3268 180.0 187.757267442
3269 180.0 187.754894463
3270 180.0 187.752522936
3271 180.0 187.750152858
3272 180.0 187.74778423
3273 180.0 187.745417049
3274 180.0 187.743051313
3275 180.0 187.740687023
3276 180.0 187.738324176
3277 180.0 187.735962771
3278 180.0 187.733602807
3279 180.0 187.731244282
3280 180.0 187.728887195
3281 180.0 187.726531545
3282 180.0 187.724177331
3283 180.0 187.721824551
3284 180.0 187.719473203
3285 180.0 187.717123288
3286 180.0 187.714774802
3287 180.0 187.712427746
3288 180.0 187.710082117
3289 180.0 187.707737914
3290 180.0 187.705395137
3291 180.0 187.703053783
3292 180.0 187.700713852
3293 180.0 187.698375342
3294 180.0 187.696038251
3295 180.0 187.69370258
3296 180.0 187.691368325
3297 180.0 187.689035487
3298 180.0 187.686704063
3299 180.0 187.684374053
3300 180.0 187.682045455
3301 180.0 187.679718267
3302 180.0 187.677392489
3303 180.0 187.67506812
3304 180.0 187.672745157
3305 180.0 187.670423601
3306 180.0 187.668103448
3307 180.0 187.665784699
3308 180.0 187.663467352
3309 180.0 187.661151405
3310 180.0 187.658836858
3311 180.0 187.656523709
3312 180.0 187.654211957
3313 180.0 187.6519016
3314 180.0 187.649592637
3315 180.0 187.647285068
3316 180.0 187.64497889
3317 180.0 187.642674103
3318 180.0 187.640370705
3319 390.0 198.198177162
3320 180.0 187.695858434
3321 180.0 187.693541102
3322 180.0 187.691225166
3323 180.0 187.688910623
3324 180.0 187.686597473
3325 180.0 187.684285714
3326 180.0 187.681975346
3327 180.0 187.679666366
3328 180.0 187.677358774
3329 180.0 187.675052568
3330 180.0 187.672747748
3331 180.0 187.670444311
3332 180.0 187.668142257
3333 180.0 187.665841584
3334 180.0 187.663542292
3335 180.0 187.661244378
3336 180.0 187.658947842
3337 180.0 187.656652682
3338 180.0 187.654358898
3339 180.0 187.652066487
3340 180.0 187.649775449
3341 180.0 187.647485783
3342 180.0 187.645197487
3343 180.0 187.642910559
3344 180.0 187.640625
3345 180.0 187.638340807
3346 180.0 187.63605798
3347 180.0 187.633776516
3348 180.0 187.631496416
3349 180.0 187.629217677
3350 180.0 187.626940299
3351 180.0 187.624664279
3352 180.0 187.622389618
3353 180.0 187.620116314
3354 180.0 187.617844365
3355 180.0 187.61557377
3356 180.0 187.613304529
3357 180.0 187.61103664
3358 180.0 187.608770101
3359 180.0 187.606504912
3360 180.0 187.604241071
3361 180.0 187.601978578
3362 180.0 187.59971743
3363 180.0 187.597457627
3364 180.0 187.595199168
3365 180.0 187.592942051
3366 180.0 187.590686275
3367 180.0 187.588431838
3368 180.0 187.586178741
3369 180.0 187.583926981
3370 180.0 187.581676558
3371 180.0 187.57942747
3372 180.0 187.577179715
3373 210.0 189.083382745
3374 180.0 187.581135151
3375 180.0 187.578888889
3376 180.0 187.576643957
3377 180.0 187.574400355
3378 180.0 187.572158082
3379 180.0 187.569917135
3380 180.0 187.567677515
3381 180.0 187.565439219
3382 180.0 187.563202247
3383 180.0 187.560966598
3384 180.0 187.55873227
3385 180.0 187.556499261
3386 180.0 187.554267572
3387 180.0 187.552037201
3388 180.0 187.549808146
3389 135.0 185.284966067
3390 180.0 187.532743363
3391 180.0 187.53052197
3392 180.0 187.528301887
3393 180.0 187.526083112
3394 180.0 187.523865645
3395 180.0 187.521649485
3396 180.0 187.519434629
3397 180.0 187.517221077
3398 180.0 187.515008829
3399 180.0 187.512797882
3400 180.0 187.510588235
3401 180.0 187.508379888
3402 180.0 187.50617284
3403 180.0 187.503967088
3404 180.0 187.501762632
3405 180.0 187.499559471
3406 180.0 187.497357604
3407 180.0 187.49515703
3408 180.0 187.492957746
3409 180.0 187.490759754
3410 180.0 187.48856305
3411 180.0 187.486367634
3412 180.0 187.484173505
3413 180.0 187.481980662
3414 180.0 187.479789104
3415 180.0 187.477598829
3416 180.0 187.475409836
3417 180.0 187.473222125
3418 180.0 187.471035693
3419 180.0 187.468850541
3420 180.0 187.466666667
3421 180.0 187.464484069
3422 180.0 187.462302747
3423 180.0 187.460122699
3424 180.0 187.457943925
3425 180.0 187.455766423
3426 180.0 187.453590193
3427 180.0 187.451415232
3428 180.0 187.44924154
3429 180.0 187.447069116
3430 180.0 187.444897959
3431 180.0 187.442728068
3432 180.0 187.440559441
3433 180.0 187.438392077
3434 180.0 187.436225976
3435 180.0 187.434061135
3436 180.0 187.431897555
3437 180.0 187.429735234
3438 180.0 187.427574171
3439 180.0 187.425414365
3440 180.0 187.423255814
3441 180.0 187.421098518
3442 180.0 187.418942475
3443 180.0 187.416787685
3444 180.0 187.414634146
3445 180.0 187.412481858
3446 180.0 187.410330818
3447 180.0 187.408181027
3448 180.0 187.406032483
3449 180.0 187.403885184
3450 180.0 187.40173913
3451 180.0 187.39959432
3452 180.0 187.397450753
3453 180.0 187.395308427
3454 180.0 187.393167342
3455 180.0 187.391027496
3456 180.0 187.388888889
3457 180.0 187.386751519
3458 180.0 187.384615385
3459 155.0 186.125614339
3460 180.0 187.373482659
3461 180.0 187.37135221
3462 180.0 187.369222992
3463 180.0 187.367095004
3464 180.0 187.364968245
3465 180.0 187.362842713
3466 180.0 187.360718407
3467 180.0 187.358595327
3468 180.0 187.356473472
3469 180.0 187.354352839
3470 265.0 191.625504323
3471 180.0 187.37337943
3472 180.0 187.37125576
3473 180.0 187.369133314
3474 180.0 187.36701209
3475 180.0 187.364892086
3476 180.0 187.362773303
3477 180.0 187.360655738
3478 180.0 187.35853939
3479 180.0 187.35642426
3480 180.0 187.354310345
3481 180.0 187.352197644
3482 180.0 187.350086157
3483 180.0 187.347975883
3484 180.0 187.34586682
3485 180.0 187.343758967
3486 180.0 187.341652324
3487 180.0 187.339546888
3488 180.0 187.337442661
3489 180.0 187.335339639
3490 180.0 187.333237822
3491 180.0 187.33113721
3492 180.0 187.329037801
3493 180.0 187.326939593
3494 180.0 187.324842587
3495 180.0 187.322746781
3496 180.0 187.320652174
3497 180.0 187.318558765
3498 180.0 187.316466552
3499 180.0 187.314375536
3500 180.0 187.312285714
3501 180.0 187.310197087
3502 180.0 187.308109652
3503 180.0 187.306023409
3504 180.0 187.303938356
3505 410.0 198.864194009
3506 180.0 187.362093554
3507 155.0 186.103222127
3508 180.0 187.351125998
3509 180.0 187.349031063
3510 180.0 187.346937322
3511 180.0 187.344844774
3512 180.0 187.342753417
3513 180.0 187.340663251
3514 180.0 187.338574274
3515 180.0 187.336486486
3516 180.0 187.334399886
3517 180.0 187.332314473
3518 180.0 187.330230244
3519 180.0 187.328147201
3520 180.0 187.326065341
3521 180.0 187.323984663
3522 180.0 187.321905168
3523 180.0 187.319826852
3524 180.0 187.317749716
3525 180.0 187.315673759
3526 180.0 187.313598979
3527 180.0 187.311525376
3528 180.0 187.309452948
3529 180.0 187.307381695
3530 180.0 187.305311615
3531 180.0 187.303242707
3532 180.0 187.301174972
3533 180.0 187.299108406
3534 180.0 187.297043011
3535 180.0 187.294978784
3536 180.0 187.292915724
3537 180.0 187.290853831
3538 180.0 187.288793103
3539 180.0 187.286733541
3540 180.0 187.284675141
3541 180.0 187.282617905
3542 180.0 187.280561829
3543 180.0 187.278506915
3544 180.0 187.27645316
3545 180.0 187.274400564
3546 180.0 187.272349126
3547 180.0 187.270298844
3548 180.0 187.268249718
3549 180.0 187.266201747
3550 180.0 187.26415493
3551 180.0 187.262109265
3552 180.0 187.260064752
3553 180.0 187.25802139
3554 180.0 187.255979178
3555 180.0 187.253938115
3556 180.0 187.2518982
3557 180.0 187.249859432
3558 180.0 187.24782181
3559 180.0 187.245785333
3560 180.0 187.24375
3561 180.0 187.24171581
3562 155.0 185.98301516
3563 180.0 187.230985125
3564 180.0 187.228956229
3565 180.0 187.226928471
3566 180.0 187.224901851
3567 180.0 187.222876367
3568 180.0 187.220852018
3569 180.0 187.218828804
3570 155.0 185.960154062
3571 180.0 187.208134976
3572 180.0 187.206117021
3573 180.0 187.204100196
3574 180.0 187.202084499
3575 180.0 187.20006993
3576 180.0 187.198056488
3577 180.0 187.196044171
3578 180.0 187.194032979
3579 180.0 187.192022911
3580 180.0 187.190013966
3581 180.0 187.188006144
3582 180.0 187.185999442
3583 180.0 187.18399386
3584 180.0 187.181989397
3585 180.0 187.179986053
3586 180.0 187.177983826
3587 180.0 187.175982715
3588 180.0 187.17398272
3589 180.0 187.17198384
3590 180.0 187.169986072
3591 180.0 187.167989418
3592 180.0 187.165993875
3593 180.0 187.163999443
3594 180.0 187.162006121
3595 180.0 187.160013908
3596 180.0 187.158022803
3597 180.0 187.156032805
3598 180.0 187.154043913
3599 180.0 187.152056127
3600 210.0 188.657986111
3601 180.0 187.155998334
3602 180.0 187.15401166
3603 180.0 187.152026089
3604 180.0 187.15004162
3605 180.0 187.148058252
3606 180.0 187.146075984
3607 180.0 187.144094816
3608 180.0 187.142114745
3609 180.0 187.140135772
3610 180.0 187.138157895
3611 180.0 187.136181113
3612 180.0 187.134205426
3613 180.0 187.132230833
3614 180.0 187.130257333
3615 180.0 187.128284924
3616 180.0 187.126313606
3617 180.0 187.124343378
3618 180.0 187.12237424
3619 180.0 187.12040619
3620 180.0 187.118439227
3621 180.0 187.11647335
3622 180.0 187.114508559
3623 180.0 187.112544852
3624 180.0 187.11058223
3625 180.0 187.10862069
3626 180.0 187.106660232
3627 180.0 187.104700855
3628 180.0 187.102742558
3629 180.0 187.10078534
3630 180.0 187.098829201
3631 180.0 187.096874139
3632 180.0 187.094920154
3633 180.0 187.092967245
3634 180.0 187.09101541
3635 180.0 187.089064649
3636 210.0 188.594953245
3637 180.0 187.093002475
3638 180.0 187.091052776
3639 355.0 195.884789777
3640 180.0 187.13282967
3641 180.0 187.13087064
3642 180.0 187.128912685
3643 180.0 187.126955806
3644 180.0 187.125
3645 180.0 187.123045267
3646 180.0 187.121091607
3647 180.0 187.119139018
3648 180.0 187.1171875
3649 180.0 187.115237051
3650 180.0 187.113287671
3651 180.0 187.111339359
3652 180.0 187.109392114
3653 180.0 187.107445935
3654 180.0 187.105500821
3655 180.0 187.103556772
3656 180.0 187.101613786
3657 180.0 187.099671862
3658 180.0 187.097731001
3659 180.0 187.0957912
3660 180.0 187.093852459
3661 180.0 187.091914777
3662 180.0 187.089978154
3663 180.0 187.088042588
3664 180.0 187.086108079
3665 180.0 187.084174625
3666 180.0 187.082242226
3667 180.0 187.080310881
3668 180.0 187.078380589
3669 180.0 187.076451349
3670 180.0 187.074523161
3671 180.0 187.072596023
3672 180.0 187.070669935
3673 180.0 187.068744895
3674 180.0 187.066820904
3675 210.0 188.572653061
3676 180.0 187.070729053
3677 180.0 187.068806092
3678 180.0 187.066884176
3679 180.0 187.064963305
3680 180.0 187.063043478
3681 180.0 187.061124694
3682 180.0 187.059206953
3683 180.0 187.057290253
3684 180.0 187.055374593
3685 180.0 187.053459973
3686 180.0 187.051546392
3687 180.0 187.049633849
3688 180.0 187.047722343
3689 180.0 187.045811873
3690 180.0 187.043902439
3691 180.0 187.04199404
3692 180.0 187.040086674
3693 180.0 187.038180341
3694 180.0 187.036275041
3695 180.0 187.034370771
3696 180.0 187.032467532
3697 180.0 187.030565323
3698 180.0 187.028664143
3699 180.0 187.02676399
3700 180.0 187.024864865
3701 210.0 188.530667387
3702 180.0 187.028768233
3703 180.0 187.026870105
3704 180.0 187.024973002
3705 180.0 187.023076923
3706 180.0 187.021181867
3707 180.0 187.019287834
3708 180.0 187.017394822
3709 180.0 187.015502831
3710 180.0 187.01361186
3711 180.0 187.011721908
3712 180.0 187.009832974
3713 180.0 187.007945058
3714 180.0 187.006058158
3715 180.0 187.004172275
3716 180.0 187.002287406
3717 180.0 187.000403551
3718 180.0 186.99852071
3719 180.0 186.996638881
3720 180.0 186.994758065
3721 180.0 186.992878259
3722 180.0 186.990999463
3723 180.0 186.989121676
3724 180.0 186.987244898
3725 180.0 186.985369128
3726 180.0 186.983494364
3727 180.0 186.981620606
3728 180.0 186.979747854
3729 180.0 186.977876106
3730 180.0 186.976005362
3731 180.0 186.97413562
3732 180.0 186.972266881
3733 180.0 186.970399143
3734 180.0 186.968532405
3735 180.0 186.966666667
3736 180.0 186.964801927
3737 180.0 186.962938186
3738 180.0 186.961075441
3739 180.0 186.959213694
3740 180.0 186.957352941
3741 180.0 186.955493184
3742 180.0 186.95363442
3743 180.0 186.95177665
3744 180.0 186.949919872
3745 180.0 186.948064085
3746 180.0 186.94620929
3747 180.0 186.944355484
3748 180.0 186.942502668
3749 180.0 186.94065084
3750 180.0 186.9388
3751 210.0 188.444548121
3752 180.0 186.942697228
3753 135.0 184.679456435
3754 180.0 186.927610549
3755 180.0 186.925765646
3756 180.0 186.923921725
3757 180.0 186.922078786
3758 180.0 186.920236828
3759 180.0 186.91839585
3760 180.0 186.916555851
3761 180.0 186.914716831
3762 180.0 186.912878788
3763 180.0 186.911041722
3764 180.0 186.909205632
3765 180.0 186.907370518
3766 180.0 186.905536378
3767 180.0 186.903703212
3768 180.0 186.901871019
3769 180.0 186.900039798
3770 180.0 186.898209549
3771 180.0 186.89638027
3772 180.0 186.894551962
3773 180.0 186.892724622
3774 180.0 186.890898251
3775 180.0 186.889072848
3776 180.0 186.887248411
3777 180.0 186.88542494
3778 180.0 186.883602435
3779 180.0 186.881780894
3780 180.0 186.879960317
3781 180.0 186.878140704
3782 180.0 186.876322052
3783 180.0 186.874504362
3784 180.0 186.872687632
3785 180.0 186.870871863
3786 180.0 186.869057052
3787 180.0 186.8672432
3788 180.0 186.865430306
3789 180.0 186.863618369
3790 180.0 186.861807388
3791 180.0 186.859997362
3792 180.0 186.858188291
3793 180.0 186.856380174
3794 180.0 186.85457301
3795 180.0 186.852766798
3796 180.0 186.850961538
3797 180.0 186.849157229
3798 180.0 186.84735387
3799 180.0 186.845551461
3800 180.0 186.84375
3801 180.0 186.841949487
3802 180.0 186.840149921
3803 180.0 186.838351302
3804 180.0 186.836553628
3805 180.0 186.834756899
3806 180.0 186.832961114
3807 180.0 186.831166273
3808 180.0 186.829372374
3809 180.0 186.827579417
3810 180.0 186.825787402
3811 180.0 186.823996326
3812 180.0 186.822206191
3813 180.0 186.820416994
3814 180.0 186.818628736
3815 180.0 186.816841415
3816 180.0 186.815055031
3817 180.0 186.813269583
3818 180.0 186.811485071
3819 180.0 186.809701493
3820 180.0 186.807918848
3821 180.0 186.806137137
3822 180.0 186.804356358
3823 180.0 186.802576511
3824 180.0 186.800797594
3825 180.0 186.799019608
3826 180.0 186.797242551
3827 180.0 186.795466423
3828 180.0 186.793691223
3829 180.0 186.79191695
3830 180.0 186.790143603
3831 180.0 186.788371182
3832 210.0 188.294037056
3833 180.0 186.792264545
3834 180.0 186.790492958
3835 180.0 186.788722295
3836 180.0 186.786952555
3837 180.0 186.785183737
3838 180.0 186.783415842
3839 180.0 186.781648867
3840 180.0 186.779882813
3841 180.0 186.778117678
3842 180.0 186.776353462
3843 180.0 186.774590164
3844 180.0 186.772827784
3845 180.0 186.77106632
3846 180.0 186.769305772
3847 180.0 186.76754614
3848 180.0 186.765787422
3849 180.0 186.764029618
3850 180.0 186.762272727
3851 180.0 186.760516749
3852 180.0 186.758761682
3853 180.0 186.757007527
3854 180.0 186.755254281
3855 180.0 186.753501946
3856 180.0 186.751750519
3857 180.0 186.75
3858 180.0 186.748250389
3859 180.0 186.746501684
3860 180.0 186.744753886
3861 180.0 186.743006993
3862 180.0 186.741261005
3863 180.0 186.73951592
3864 180.0 186.737771739
3865 180.0 186.736028461
3866 180.0 186.734286084
3867 180.0 186.732544608
3868 180.0 186.730804033
3869 180.0 186.729064358
3870 180.0 186.727325581
3871 180.0 186.725587703
3872 180.0 186.723850723
3873 180.0 186.72211464
3874 180.0 186.720379453
3875 180.0 186.718645161
3876 180.0 186.716911765
3877 180.0 186.715179262
3878 180.0 186.713447653
3879 180.0 186.711716937
3880 180.0 186.709987113
3881 180.0 186.708258181
3882 180.0 186.706530139
3883 180.0 186.704802987
3884 180.0 186.703076725
3885 180.0 186.701351351
3886 180.0 186.699626866
3887 180.0 186.697903267
3888 180.0 186.696180556
3889 180.0 186.69445873
3890 180.0 186.692737789
3891 180.0 186.691017733
3892 180.0 186.689298561
3893 180.0 186.687580272
3894 180.0 186.685862866
3895 180.0 186.684146341
3896 180.0 186.682430698
3897 180.0 186.680715935
3898 180.0 186.679002052
3899 180.0 186.677289048
3900 180.0 186.675576923
3901 180.0 186.673865675
3902 180.0 186.672155305
3903 180.0 186.670445811
3904 180.0 186.668737193
3905 180.0 186.667029449
3906 180.0 186.665322581
3907 180.0 186.663616586
3908 180.0 186.661911464
3909 180.0 186.660207214
3910 180.0 186.658503836
3911 180.0 186.65680133
3912 180.0 186.655099693
3913 180.0 186.653398927
3914 180.0 186.651699029
3915 180.0 186.65
3916 180.0 186.648301839
3917 180.0 186.646604544
3918 180.0 186.644908116
3919 180.0 186.643212554
3920 180.0 186.641517857
3921 180.0 186.639824024
3922 180.0 186.638131056
3923 180.0 186.63643895
3924 180.0 186.634747706
3925 180.0 186.633057325
3926 180.0 186.631367804
3927 180.0 186.629679144
3928 180.0 186.627991344
3929 180.0 186.626304403
3930 180.0 186.624618321
3931 180.0 186.622933096
3932 180.0 186.621248728
3933 180.0 186.619565217
3934 180.0 186.617882562
3935 180.0 186.616200762
3936 180.0 186.614519817
3937 180.0 186.612839726
3938 180.0 186.611160488
3939 180.0 186.609482102
3940 180.0 186.607804569
3941 180.0 186.606127886
3942 180.0 186.604452055
3943 180.0 186.602777073
3944 180.0 186.601102941
3945 180.0 186.599429658
3946 180.0 186.597757223
3947 180.0 186.596085635
3948 180.0 186.594414894
3949 180.0 186.592744999
3950 180.0 186.591075949
3951 180.0 186.589407745
3952 180.0 186.587740385
3953 180.0 186.586073868
3954 180.0 186.584408194
3955 180.0 186.582743363
3956 180.0 186.581079373
3957 180.0 186.579416224
3958 210.0 188.084954522
3959 180.0 186.583291235
3960 180.0 186.581628788
3961 180.0 186.57996718
3962 210.0 188.085499748
3963 180.0 186.583838002
3964 135.0 184.321392533
3965 180.0 186.569735183
3966 180.0 186.568078669
3967 180.0 186.56642299
3968 180.0 186.564768145
3969 180.0 186.563114135
3970 180.0 186.561460957
3971 180.0 186.559808612
3972 180.0 186.5581571
3973 180.0 186.556506418
3974 180.0 186.554856568
3975 180.0 186.553207547
3976 180.0 186.551559356
3977 180.0 186.549911994
3978 180.0 186.54826546
3979 180.0 186.546619754
3980 180.0 186.544974874
3981 180.0 186.543330821
3982 180.0 186.541687594
3983 180.0 186.540045192
3984 180.0 186.538403614
3985 210.0 188.04391468
3986 180.0 186.542272955
3987 180.0 186.540632054
3988 180.0 186.538991976
3989 180.0 186.53735272
3990 180.0 186.535714286
3991 180.0 186.534076673
3992 180.0 186.53243988
3993 180.0 186.530803907
3994 180.0 186.529168753
3995 180.0 186.527534418
3996 180.0 186.525900901
3997 180.0 186.524268201
3998 180.0 186.522636318
3999 180.0 186.521005251
4000 210.0 188.0265
4001 180.0 186.524868783
4002 180.0 186.523238381
4003 180.0 186.521608793
4004 180.0 186.51998002
4005 180.0 186.51835206
4006 180.0 186.516724913
4007 180.0 186.515098577
4008 180.0 186.513473054
4009 180.0 186.511848341
4010 180.0 186.510224439
4011 180.0 186.508601346
4012 180.0 186.506979063
4013 180.0 186.505357588
4014 180.0 186.503736921
4015 180.0 186.502117061
4016 180.0 186.500498008
4017 180.0 186.498879761
4018 180.0 186.49726232
4019 180.0 186.495645683
4020 180.0 186.494029851
4021 180.0 186.492414822
4022 180.0 186.490800597
4023 180.0 186.489187174
4024 180.0 186.487574553
4025 180.0 186.485962733
4026 180.0 186.484351714
4027 180.0 186.482741495
4028 180.0 186.481132075
4029 180.0 186.479523455
4030 180.0 186.477915633
4031 180.0 186.476308608
4032 180.0 186.474702381
4033 180.0 186.47309695
4034 180.0 186.471492315
4035 180.0 186.469888476
4036 180.0 186.468285431
4037 180.0 186.466683181
4038 180.0 186.465081724
4039 180.0 186.46348106
4040 180.0 186.461881188
4041 180.0 186.460282108
4042 180.0 186.45868382
4043 180.0 186.457086322
4044 180.0 186.455489614
4045 180.0 186.453893696
4046 180.0 186.452298566
4047 180.0 186.450704225
4048 180.0 186.449110672
4049 180.0 186.447517906
4050 180.0 186.445925926
4051 180.0 186.444334732
