105
65
240
210
410
210
105
185
110
135
65
210
95
105
160
45
95
210
255
170
105
125
125
215
55
110
160
100
180
105
155
55
60
105
105
90
530
285
90
35
80
60
195
80
35
105
135
125
90
270
105
75
120
125
320
75
215
210
120
125
110
425
155
65
80
60
45
140
100
195
460
145
95
125
105
105
210
215
195
410
70
60
30
45
105
80
305
135
135
110
155
105
110
105
15
110
225
110
145
350
120
325
215
240
275
65
245
155
180
105
50
120
30
120
180
155
335
60
125
155
80
105
135
225
60
210
180
120
440
180
180
210
135
240
210
120
135
30
210
105
105
110
180
410
105
110
135
240
30
105
105
50
110
180
105
155
380
335
110
270
180
75
180
110
105
105
135
105
240
135
110
155
105
155
210
155
45
35
80
345
120
80
105
120
135
135
260
50
75
60
210
105
75
240
185
265
310
360
105
50
110
345
180
155
155
155
50
155
50
155
75
145
155
50
180
135
155
105
105
120
355
160
155
135
135
155
105
355
105
155
335
380
60
240
305
225
180
30
135
110
240
160
155
155
105
155
155
155
165
365
135
320
155
75
180
135
80
245
355
50
180
155
105
105
155
130
135
75
75
145
380
155
305
180
105
110
105
460
50
180
75
135
145
180
75
105
180
75
180
180
50
105
210
210
380
260
105
165
155
120
155
155
165
50
180
30
135
50
135
180
110
105
110
210
210
715
640
75
110
40
440
75
135
240
155
50
155
60
105
105
110
105
105
75
105
180
715
155
210
180
85
145
105
210
355
155
105
210
350
95
105
135
180
80
75
135
180
105
75
50
180
155
155
240
135
240
180
105
105
105
155
155
240
165
320
140
135
105
30
110
75
155
105
410
105
180
380
50
180
155
120
135
155
50
210
180
105
110
155
105
125
105
105
30
180
355
185
75
105
210
180
265
335
120
135
155
105
135
165
105
180
120
180
135
105
180
180
135
335
210
145
155
105
155
120
210
150
180
105
225
180
50
180
105
210
210
210
155
75
110
80
240
320
405
210
135
165
155
210
120
165
120
210
240
75
180
180
150
380
260
105
80
475
75
160
135
135
180
105
240
240
515
255
105
355
135
140
160
105
155
155
520
210
105
210
130
55
105
75
155
210
155
460
265
105
30
165
155
180
105
105
180
210
30
135
410
210
105
210
105
105
155
50
180
380
160
180
105
105
345
175
105
155
120
105
210
135
465
240
105
105
60
75
80
240
155
155
195
150
105
105
355
105
335
260
180
210
180
105
160
75
155
210
380
175
105
270
105
50
210
145
105
185
440
105
30
105
155
180
120
180
140
460
105
335
155
180
180
105
105
165
335
210
260
50
110
380
135
105
135
160
165
105
155
380
155
180
110
225
155
155
135
135
120
365
355
105
380
155
80
75
210
155
180
210
335
355
180
285
155
355
150
410
380
135
180
335
380
155
165
265
185
180
50
180
85
155
105
135
180
155
155
180
180
150
50
210
380
410
120
120
410
105
135
105
135
180
260
105
180
355
260
105
335
180
155
105
155
155
470
180
165
205
105
105
335
225
50
135
105
50
135
180
135
225
145
105
165
105
410
50
50
180
105
155
155
135
135
285
230
210
105
280
515
275
410
105
210
150
150
155
185
160
745
110
460
180
195
30
60
180
105
210
185
180
155
155
180
105
210
225
105
155
105
240
50
135
155
210
120
120
105
320
135
130
105
210
155
50
105
105
180
75
390
155
180
210
145
80
105
180
105
105
335
50
135
80
75
55
180
50
180
210
105
185
105
75
380
155
155
190
335
155
355
105
50
155
105
110
75
80
75
180
335
50
180
380
155
180
105
180
105
30
175
135
210
440
180
180
180
110
155
335
105
75
155
135
105
160
155
295
225
105
80
155
130
425
105
105
135
120
210
135
340
165
30
105
105
45
50
355
210
105
355
155
335
135
155
155
105
50
180
105
135
75
110
105
265
105
165
305
180
445
155
380
355
480
155
180
485
820
135
185
180
380
120
240
285
155
105
380
50
225
380
105
155
105
75
120
140
120
410
165
105
135
110
50
335
210
180
30
155
110
155
155
210
180
355
105
150
120
75
60
365
210
225
60
155
120
110
80
75
210
75
120
80
410
135
350
180
210
290
105
50
120
225
50
155
50
105
50
155
380
90
75
355
110
390
210
180
155
315
55
105
120
105
105
55
105
160
80
110
125
105
80
100
120
270
105
135
140
165
110
155
80
110
155
180
50
210
365
155
75
255
75
105
105
180
180
105
155
240
150
105
155
155
115
110
160
170
135
50
180
210
155
260
135
380
75
30
180
105
155
355
75
140
135
50
120
320
260
50
210
80
135
210
185
135
365
75
180
180
145
180
105
180
180
285
105
105
285
80
150
105
75
155
210
210
225
105
115
105
210
180
410
595
55
245
105
355
110
165
155
30
180
145
180
155
165
360
105
105
260
150
105
210
120
75
220
50
135
335
135
425
155
355
210
50
105
180
200
455
335
85
355
285
110
155
105
50
120
535
105
310
110
55
120
75
50
155
105
180
170
210
155
195
50
105
120
210
105
50
365
180
45
265
155
105
180
105
210
110
155
260
145
410
110
110
105
110
215
75
155
165
210
155
155
180
105
120
210
410
110
110
155
110
385
105
30
180
410
450
60
120
235
105
155
140
105
120
110
110
180
380
135
105
225
355
110
135
155
155
180
80
120
125
105
155
105
105
410
135
50
165
105
50
195
180
90
50
135
105
210
120
75
50
110
120
210
600
105
105
210
105
210
105
180
30
105
155
105
180
50
190
410
210
210
260
105
210
115
90
155
225
225
105
105
120
85
120
230
240
120
255
130
105
165
180
110
50
105
155
105
50
105
75
110
110
55
120
75
155
255
210
75
105
105
155
75
355
55
75
75
120
110
110
410
180
50
140
120
155
135
380
180
120
80
155
105
415
110
135
260
110
165
155
80
120
180
135
105
65
155
210
105
490
120
365
180
135
50
110
80
105
180
240
260
110
75
290
210
290
75
155
110
155
370
180
155
195
110
335
110
140
155
120
120
120
475
155
125
260
210
410
105
155
30
105
240
80
380
120
105
105
75
105
110
135
155
245
330
105
360
210
75
75
210
155
210
210
30
155
290
120
55
110
150
140
105
160
105
185
75
380
210
180
30
135
210
80
110
210
75
315
105
240
105
285
210
225
105
210
30
105
295
250
210
210
50
155
135
105
110
440
140
410
65
210
210
90
155
120
210
105
135
155
155
135
50
30
210
30
125
110
135
110
135
380
105
50
180
210
75
30
440
50
420
170
155
160
50
105
60
210
265
110
210
30
105
65
120
80
180
270
120
105
110
110
210
60
75
485
180
110
165
155
185
155
155
120
75
155
135
275
155
90
80
155
410
125
110
180
520
90
210
180
135
110
40
110
20
440
120
180
140
85
65
260
130
155
210
105
125
145
160
290
105
135
110
135
40
215
55
185
35
210
50
135
105
60
110
210
410
75
75
195
110
210
350
175
210
75
120
135
250
180
105
60
230
130
180
135
415
50
215
180
20
120
125
180
180
50
210
110
50
30
545
120
105
75
315
225
75
105
180
105
135
90
50
120
255
35
105
775
410
180
135
105
75
85
180
50
50
80
80
155
110
110
460
110
105
90
355
110
240
210
410
180
215
120
120
75
315
75
320
155
55
155
385
110
60
110
50
75
120
120
225
110
60
120
120
110
75
180
225
35
110
120
75
80
155
135
105
430
120
225
110
180
50
105
55
155
105
380
110
105
380
105
290
120
105
230
335
75
85
75
155
110
160
120
210
105
155
120
105
105
75
105
75
210
155
110
135
105
140
50
135
135
110
260
130
155
355
50
210
120
495
75
135
75
165
135
75
50
120
105
155
105
135
110
135
105
105
50
205
135
460
105
75
210
355
75
795
210
215
30
105
210
185
105
155
170
485
105
135
180
105
35
30
180
135
385
140
180
240
155
55
80
80
105
385
310
110
120
210
105
75
155
460
190
395
105
355
155
75
50
240
335
130
75
150
180
120
210
110
435
305
80
135
240
105
135
75
410
335
105
185
335
480
285
235
105
75
150
210
75
110
105
120
105
210
140
110
125
120
50
120
380
105
120
105
50
165
135
330
155
135
315
260
45
105
105
50
210
155
120
50
135
210
120
210
215
210
210
130
105
210
180
120
210
75
155
155
155
105
105
60
120
155
105
105
380
135
180
105
75
120
65
80
155
155
180
135
135
210
80
410
210
355
160
120
75
460
170
210
170
590
210
75
165
270
110
110
430
210
345
210
105
105
185
155
75
110
305
565
190
135
75
300
105
215
140
55
105
110
180
260
30
360
135
515
155
105
105
80
490
50
50
210
255
135
375
155
110
210
65
120
50
55
130
210
105
155
340
105
105
105
135
105
135
105
50
320
105
210
280
15
165
105
135
165
135
210
135
420
155
120
260
80
180
290
410
210
135
155
135
125
50
20
75
145
210
210
150
75
110
135
30
105
80
60
135
235
120
105
80
35
50
75
410
255
170
50
215
80
210
125
355
210
155
105
105
120
180
105
120
105
195
45
120
105
140
105
75
105
155
105
155
50
110
135
180
210
50
125
180
135
135
105
105
110
155
95
80
135
80
210
75
210
65
110
50
180
60
425
90
105
180
285
135
155
80
370
220
380
155
115
150
50
75
25
150
55
150
355
75
325
145
120
105
105
105
160
30
80
120
345
105
80
125
105
185
75
210
110
155
75
30
110
120
105
185
110
105
155
185
210
55
180
155
410
55
55
210
105
155
125
260
210
575
155
155
105
170
75
210
135
90
105
445
155
65
110
110
105
30
705
210
105
155
105
105
110
135
255
120
330
135
105
50
110
65
135
125
80
155
80
120
210
135
415
155
50
75
105
490
30
215
145
180
135
135
110
105
210
180
55
90
155
210
120
80
30
55
320
140
155
70
75
50
110
60
145
180
195
40
180
120
140
135
95
120
115
210
180
385
215
160
75
365
210
80
105
140
105
210
120
125
120
35
155
105
120
85
50
155
80
350
180
135
55
105
120
105
120
110
110
210
140
105
180
210
355
75
210
50
75
225
380
105
75
120
155
80
155
180
265
195
120
135
50
135
105
50
355
30
60
210
155
80
105
55
50
180
160
105
15
105
285
120
50
165
120
150
180
410
210
75
180
110
295
120
185
165
125
155
110
380
120
210
180
105
455
290
155
80
150
105
50
340
180
50
115
120
180
465
155
425
105
150
410
105
105
410
165
210
180
80
75
135
185
75
260
180
80
105
135
105
105
155
50
110
180
210
75
195
105
155
55
210
105
155
135
345
135
30
105
50
400
75
120
120
50
180
125
120
210
110
240
155
105
460
210
110
180
210
90
110
185
210
110
115
50
50
135
135
120
425
225
50
135
410
410
75
320
185
460
135
180
105
285
395
105
105
50
180
155
320
50
125
400
110
155
135
180
155
105
415
210
210
75
50
445
180
305
50
105
115
460
45
315
340
135
105
50
105
30
305
180
135
135
110
75
15
75
90
155
215
105
110
75
185
50
330
75
210
210
135
50
210
125
55
300
145
135
210
410
340
105
390
105
120
75
255
410
105
105
105
240
210
305
110
225
75
160
520
210
210
30
200
325
185
380
170
105
240
180
355
160
225
30
180
80
180
315
330
110
215
230
135
75
180
150
75
155
455
180
180
80
105
105
45
80
355
180
210
180
110
110
50
180
355
120
120
105
105
120
15
75
80
105
55
60
160
105
140
105
210
210
50
105
50
190
80
135
120
315
135
155
80
120
155
105
165
335
165
105
50
80
105
230
215
110
350
50
105
210
50
340
110
105
365
110
180
50
170
270
380
90
190
145
110
175
80
65
155
50
30
50
120
155
105
75
105
240
120
75
105
105
75
75
195
105
415
150
210
350
110
225
90
155
50
105
180
105
75
155
380
105
65
85
470
155
230
260
150
260
120
105
125
155
105
410
110
105
125
120
310
180
440
210
165
285
235
385
160
50
30
460
335
120
165
75
50
210
285
105
155
180
240
155
240
410
135
185
265
210
120
215
230
180
440
210
105
210
50
500
180
75
140
335
105
105
270
75
105
80
155
50
155
210
155
75
75
75
135
260
210
105
260
180
110
225
120
30
180
180
255
105
180
155
215
135
130
110
75
50
105
180
210
210
120
210
240
210
495
240
410
335
210
155
120
335
120
180
105
210
80
105
155
120
110
410
105
180
80
155
115
180
75
105
75
50
245
145
210
120
105
210
105
80
105
105
120
155
150
135
410
345
75
155
50
120
110
105
125
265
105
180
155
425
155
310
425
135
75
135
210
75
105
135
165
105
120
75
135
105
210
110
180
210
120
180
105
210
155
135
135
110
55
80
50
105
310
215
120
155
50
385
55
65
115
355
75
105
75
135
105
120
50
130
30
90
75
50
425
110
125
135
155
80
105
90
155
180
150
80
105
95
105
245
110
135
240
165
55
120
105
50
100
75
55
395
210
620
45
540
155
105
155
50
180
180
210
75
75
30
105
120
135
155
30
345
75
120
105
50
210
410
55
155
135
110
465
30
210
80
135
270
50
260
160
110
225
135
110
210
335
75
80
195
105
210
130
75
230
240
165
105
30
105
45
110
160
120
5
210
460
75
110
155
210
140
30
105
75
135
135
90
155
105
75
535
155
215
175
105
210
410
135
105
55
105
120
180
135
135
110
160
110
210
210
135
45
135
255
110
160
120
210
60
160
75
55
410
75
120
80
155
120
210
105
80
110
105
50
105
320
110
135
180
210
105
50
180
50
110
210
105
110
60
140
410
60
135
255
155
105
110
105
460
155
155
120
210
55
110
80
180
155
80
440
140
235
240
210
240
105
75
105
180
180
180
210
155
130
355
380
80
210
105
250
110
75
110
180
265
105
50
105
210
160
265
135
105
75
320
160
210
410
185
260
260
240
135
155
210
110
110
210
380
410
180
135
155
155
155
75
155
75
210
135
105
105
180
410
105
355
210
135
210
210
180
410
50
50
120
185
105
210
105
80
85
320
80
60
210
75
110
175
280
125
150
50
105
135
50
135
155
485
415
260
210
60
210
110
110
105
80
185
45
180
210
355
120
165
590
75
155
135
120
210
55
400
110
75
110
130
85
50
210
560
75
135
105
355
105
30
105
135
120
310
135
110
30
75
120
120
105
165
140
50
105
120
155
50
180
390
80
105
105
210
210
105
160
415
135
155
240
75
110
345
105
90
105
120
90
125
285
110
355
140
150
50
35
75
30
320
145
105
40
200
75
210
40
135
155
85
95
180
105
210
75
365
150
30
110
135
80
335
180
210
225
180
180
105
75
545
165
30
110
110
80
80
210
120
105
410
440
35
120
75
120
110
105
75
140
55
50
185
235
565
50
105
155
120
120
150
230
30
145
65
105
90
75
260
145
105
30
120
135
75
90
120
165
75
170
75
110
120
200
105
605
30
20
210
110
340
125
80
50
255
85
30
120
110
105
110
155
80
460
210
480
30
260
305
270
55
110
110
220
100
75
135
75
75
155
110
95
85
135
75
90
470
210
55
155
180
105
75
255
105
210
50
315
105
50
50
105
110
140
65
75
100
460
75
80
140
210
65
120
105
80
105
105
90
105
210
45
335
110
110
80
80
50
105
135
115
185
55
50
140
105
5
105
80
30
225
35
225
160
105
15
65
150
105
135
105
55
210
80
105
320
380
110
105
120
120
180
95
120
85
100
105
200
75
105
105
30
225
410
75
35
120
120
70
305
135
30
170
155
125
105
90
120
105
90
80
65
160
210
110
135
335
55
405
80
105
45
135
330
85
310
45
120
205
120
185
80
105
50
180
180
80
150
105
110
75
105
120
110
340
80
120
85
120
210
120
210
465
120
125
380
110
120
125
230
160
50
80
135
95
120
105
80
80
95
55
375
175
80
135
255
155
205
120
35
55
95
110
35
65
180
415
350
215
325
55
75
5
60
125
75
90
65
110
100
360
280
55
560
55
165
40
105
110
120
120
85
125
210
110
75
260
105
50
375
85
110
75
105
45
125
275
75
80
225
245
190
410
100
120
50
160
45
195
40
110
70
220
130
105
120
120
110
155
55
105
485
80
150
105
175
285
225
140
105
100
280
475
70
65
465
230
195
155
90
55
75
35
90
430
250
155
470
145
555
155
35
80
20
220
405
315
90
35
80
355
65
105
55
75
460
240
215
150
95
105
135
35
295
300
65
110
70
205
80
65
45
55
290
175
415
320
185
210
435
160
295
50
235
20
230
175
170
230
260
200
75
85
215
240
250
125
100
100
120
275
120
120
85
105
515
105
440
65
50
40
330
740
35
80
25
240
35
20
425
5
150
45
100
65
140
40
80
175
135
125
310
155
90
235
125
95
205
160
320
85
75
95
220
190
30
205
105
265
330
50
105
35
480
250
85
170
165
85
65
545
105
415
60
90
170
125
110
400
620
220
400
125
55
325
80
120
160
80
260
155
275
80
60
125
180
175
20
250
370
50
155
75
240
80
150
155
135
245
60
270
90
125
80
30
105
130
250
380
355
265
210
65
120
100
190
65
165
180
30
135
45
175
320
80
135
140
315
155
140
110
95
40
120
120
180
445
190
210
155
35
145
60
90
180
105
135
215
65
160
80
215
35
105
305
75
165
140
410
120
105
40
115
285
150
240
100
120
80
90
30
60
285
520
100
20
60
90
130
110
110
110
425
325
210
125
55
120
180
185
45
110
45
185
320
80
150
15
105
390
130
155
200
120
110
180
65
355
130
90
125
100
770
180
105
265
120
295
110
175
70
395
85
185
20
230
5
80
195
165
345
80
285
60
190
140
60
490
105
135
75
5
125
70
320
185
180
135
15
50
100
175
135
65
405
310
55
130
110
55
135
65
215
35
90
180
165
325
120
55
45
210
75
130
80
200
45
310
110
110
180
215
105
85
55
50
120
275
180
120
120
95
200
100
125
30
210
80
30
410
255
155
145
555
205
105
35
500
280
105
135
35
90
335
60
220
140
120
340
185
45
65
170
325
275
310
100
105
110
55
55
50
180
105
90
150
110
200
110
45
265
425
45
375
75
160
275
135
55
120
65
120
155
105
300
170
55
240
300
155
265
605
135
135
90
35
50
175
150
285
195
120
110
65
105
105
110
65
90
225
410
135
125
65
110
110
50
210
120
155
120
150
135
180
135
90
105
135
125
15
155
475
135
120
75
370
120
105
80
250
75
120
135
120
120
355
225
60
180
210
120
125
110
180
210
120
210
135
225
440
355
105
335
465
105
135
155
75
50
210
180
410
155
80
210
120
155
180
75
105
230
105
180
30
210
210
30
120
75
105
50
105
135
120
105
515
105
385
165
120
180
355
55
210
105
75
180
210
250
30
180
120
455
145
355
30
30
105
160
210
195
210
75
80
485
210
105
180
135
210
260
180
80
50
95
105
50
15
135
135
110
75
160
50
180
155
520
50
160
50
210
105
75
55
410
135
165
230
285
260
125
260
105
110
55
15
480
105
110
105
210
105
170
50
105
135
150
210
125
55
240
50
125
45
210
410
210
80
185
50
515
485
260
215
105
240
105
235
240
180
210
55
65
135
50
180
155
90
180
120
210
30
75
105
180
155
120
120
80
215
140
135
30
155
155
165
50
50
240
50
340
395
160
245
105
80
410
395
105
425
240
50
460
225
255
105
180
515
290
135
120
45
120
30
135
50
240
30
260
155
220
225
185
300
155
260
110
120
210
150
120
185
30
230
120
45
295
120
295
210
65
105
65
230
135
165
210
185
210
190
290
185
120
80
125
30
185
120
50
80
80
35
180
135
180
290
135
60
210
620
55
285
110
135
370
105
50
75
285
205
155
180
155
230
210
135
75
30
105
235
395
410
230
80
160
260
210
150
390
155
50
180
155
135
180
80
255
360
30
240
105
60
135
215
180
240
285
155
5
210
210
400
180
150
90
195
105
210
120
240
100
210
75
105
180
120
150
210
105
50
150
180
210
155
75
410
570
180
210
180
80
125
30
440
105
75
35
105
210
75
105
105
185
140
110
135
90
120
210
535
160
355
135
105
295
305
260
105
210
80
155
105
485
565
230
105
75
335
425
105
105
285
210
180
105
210
210
75
180
130
210
50
50
210
210
335
110
555
215
210
590
135
290
425
625
75
210
210
50
460
180
180
80
75
180
50
670
180
270
240
240
55
120
215
270
125
135
260
180
155
135
145
410
155
135
250
135
135
155
290
120
165
105
380
155
240
75
120
210
105
260
75
210
260
255
210
270
210
95
210
105
155
380
155
315
135
240
75
105
415
30
105
165
315
210
210
155
135
180
180
210
155
390
180
105
210
225
75
345
120
105
135
75
55
135
110
210
135
155
105
520
105
380
365
215
515
155
125
135
260
75
180
210
150
140
180
210
155
30
75
105
165
75
275
110
155
105
210
245
365
105
410
50
155
135
180
120
95
120
105
120
180
75
210
105
225
135
210
375
120
155
215
105
180
105
540
90
105
260
135
210
105
450
240
210
335
150
145
110
55
160
105
210
335
105
30
180
210
210
55
185
55
410
460
105
70
240
435
285
425
105
105
180
210
515
180
50
155
290
410
365
180
110
155
50
135
105
210
140
210
80
50
380
75
180
180
210
105
440
365
105
165
110
55
210
105
110
110
425
245
75
105
315
260
75
515
410
120
440
85
110
255
135
105
180
460
105
105
75
210
110
105
30
30
340
190
200
245
70
490
210
150
305
510
75
105
135
105
110
75
105
80
210
105
130
355
215
135
455
585
225
210
180
135
105
105
55
105
210
105
50
90
365
30
110
180
120
110
105
60
515
135
160
185
80
105
30
240
285
50
105
505
460
105
75
30
55
210
180
210
105
105
210
370
155
315
210
105
135
105
105
105
75
180
155
95
75
120
285
260
375
105
110
255
135
105
75
160
215
495
75
215
155
180
75
135
210
105
75
410
30
180
365
125
240
105
135
165
135
75
75
120
110
180
210
325
180
380
105
210
120
105
110
105
125
120
105
135
150
120
105
50
110
105
105
90
305
180
135
135
135
55
440
225
250
75
310
180
105
515
180
160
105
105
110
365
120
165
125
75
105
30
155
155
135
105
440
275
380
210
210
210
130
150
210
120
410
210
30
210
105
105
210
110
145
230
180
105
50
105
180
125
420
50
125
50
185
480
155
75
770
260
155
135
5
80
175
135
65
80
210
260
135
210
80
225
150
30
135
180
105
320
110
105
155
380
135
180
35
410
110
410
75
230
115
55
120
180
140
75
210
155
225
165
185
65
105
75
210
490
75
20
110
75
105
135
350
50
210
50
210
320
50
55
155
80
75
30
390
50
60
35
155
315
135
135
75
105
210
210
80
180
105
210
55
155
120
120
50
315
95
110
135
130
110
75
105
285
80
210
295
210
180
50
255
90
155
75
135
60
620
215
195
80
155
120
90
110
30
460
430
90
490
130
135
80
55
30
155
150
30
55
180
105
155
465
50
390
180
80
50
100
210
125
45
210
165
110
125
355
120
225
155
110
75
210
105
720
65
380
515
50
80
120
185
90
105
105
75
120
205
125
265
170
610
210
50
315
110
120
210
210
80
365
105
150
90
135
255
155
110
30
75
60
75
110
90
135
280
210
110
120
65
105
80
30
135
110
105
135
140
150
80
80
125
65
105
75
20
180
90
50
180
240
105
120
110
155
110
120
330
80
105
20
135
255
80
285
110
155
240
220
80
120
105
105
175
90
120
235
60
30
170
150
285
75
140
245
30
170
125
210
120
110
35
380
165
125
130
95
80
50
55
125
80
90
105
320
135
105
85
75
175
180
205
110
35
210
80
195
180
105
210
390
65
105
140
155
375
435
135
180
55
180
155
210
120
155
120
110
110
105
110
105
180
105
105
55
180
180
185
210
280
80
80
110
105
365
185
160
45
545
155
85
75
90
415
85
365
35
35
235
475
155
185
90
150
105
210
240
90
335
375
180
215
125
180
200
30
340
110
50
125
365
145
130
365
210
270
90
105
130
610
75
75
120
110
260
440
215
45
160
180
180
240
125
355
135
160
160
245
50
105
105
155
335
50
125
270
155
120
75
480
285
120
125
180
185
50
120
425
55
105
255
180
210
185
455
105
180
110
185
180
415
365
170
425
180
155
260
110
115
120
30
225
135
105
210
165
180
90
110
260
125
130
85
80
355
55
160
105
155
135
50
80
75
190
210
105
60
165
115
420
75
190
110
180
180
135
225
140
105
180
30
75
230
155
120
110
105
30
415
50
185
110
75
195
210
345
210
180
55
105
525
90
445
105
240
210
210
215
120
135
385
260
30
260
135
20
125
155
125
240
60
80
180
230
155
80
135
120
120
75
215
60
135
5
105
845
180
180
15
155
140
75
305
225
65
180
50
315
135
400
105
210
155
210
105
120
50
150
75
75
225
110
135
90
75
530
105
120
120
260
355
135
155
180
120
180
55
610
30
135
135
410
135
75
135
180
365
215
110
155
75
210
30
125
180
180
135
735
125
75
210
485
135
80
75
210
75
210
180
320
210
70
155
170
135
60
135
105
80
120
110
185
120
110
75
145
60
80
105
180
110
225
105
105
60
155
155
75
65
270
180
380
155
110
215
5
40
235
5
105
15
105
50
130
195
625
445
75
410
150
180
80
155
285
210
75
140
105
445
420
100
15
125
315
230
90
55
100
320
250
535
105
110
255
550
180
75
75
20
210
75
80
330
90
210
85
520
135
200
35
50
140
75
210
55
110
75
180
30
30
65
15
50
75
130
135
270
140
210
170
80
250
185
110
135
195
515
120
80
20
110
110
250
80
210
20
225
145
355
210
105
210
50
15
245
30
695
155
150
110
75
175
90
285
260
275
120
115
30
155
185
215
105
110
240
320
260
210
135
105
120
185
180
440
155
105
210
140
155
75
125
80
120
75
180
30
60
185
105
105
35
260
415
135
135
180
105
50
420
110
205
440
90
270
320
260
210
215
105
60
135
180
260
135
135
380
105
430
180
105
105
105
235
75
105
75
30
250
125
315
260
110
255
230
210
155
415
210
105
75
105
255
210
225
210
240
75
155
310
180
275
210
225
105
110
120
75
135
105
135
410
425
210
210
170
195
245
260
110
475
445
155
320
105
80
125
150
210
455
505
155
210
210
125
410
105
30
210
260
135
355
515
180
105
105
180
550
180
210
315
165
105
270
185
30
210
50
105
425
210
185
685
105
105
30
50
135
365
180
50
80
75
75
110
120
210
180
105
80
180
30
120
185
180
155
320
130
120
455
530
45
485
15
165
505
50
155
60
120
105
110
180
125
225
120
30
110
105
215
455
485
210
180
275
105
130
475
210
180
120
135
105
30
135
155
185
210
105
120
120
135
40
105
320
160
295
150
240
570
315
50
105
105
75
110
390
410
105
210
30
105
105
105
50
140
240
155
155
105
105
210
180
115
50
170
210
700
240
105
70
30
100
150
600
110
155
80
210
345
120
80
130
210
425
330
80
375
75
75
485
270
105
155
105
235
365
15
105
105
30
185
120
60
215
75
105
105
75
105
210
320
80
215
455
210
440
180
135
120
105
180
590
110
60
80
155
75
210
635
105
105
55
80
210
135
180
270
210
330
75
75
245
155
410
80
80
80
55
135
210
180
30
180
180
135
180
80
75
255
410
210
210
50
320
30
165
210
335
75
50
210
215
105
210
155
135
50
105
210
105
120
105
155
120
110
105
75
105
75
105
105
30
255
210
185
210
135
155
180
120
105
120
50
410
75
715
30
75
260
180
165
345
110
355
105
300
180
210
50
105
210
50
210
155
180
110
220
205
105
105
75
120
155
120
190
105
485
355
140
105
155
440
180
260
430
160
105
105
105
105
355
315
385
165
390
75
105
105
75
110
105
105
210
120
240
480
75
330
120
135
155
120
75
155
30
80
210
75
155
105
105
245
310
125
180
440
150
80
155
135
75
155
160
105
210
105
210
180
410
180
180
460
210
105
75
105
105
105
155
155
105
75
210
355
105
225
320
105
105
110
135
180
210
75
110
180
245
285
210
145
120
210
210
105
135
160
240
155
135
490
180
105
210
75
75
80
105
75
240
210
210
500
330
285
155
80
50
180
75
180
210
210
80
390
105
180
180
145
210
285
210
210
285
460
105
460
80
210
105
105
425
305
75
30
180
145
285
135
180
155
50
75
260
210
105
210
105
180
260
155
210
210
120
105
105
50
180
210
180
210
210
180
240
180
105
210
530
155
380
80
180
120
120
470
360
260
105
180
210
410
210
135
105
105
180
155
180
160
135
135
15
105
180
495
75
75
210
75
110
105
180
165
210
320
180
155
135
135
105
760
380
105
210
210
260
105
180
135
240
180
105
105
410
335
210
735
180
145
135
180
335
180
180
155
180
460
105
380
180
265
105
75
210
210
210
260
160
155
160
165
80
210
530
180
75
210
105
105
230
180
490
490
50
180
105
180
180
180
210
380
140
410
510
105
180
240
105
105
80
135
160
320
335
180
410
180
105
260
515
485
210
30
210
180
180
180
120
135
75
210
105
715
180
180
135
155
180
500
105
380
210
475
355
185
210
380
180
155
180
105
180
180
260
75
180
135
270
210
355
155
30
180
335
320
460
180
180
180
180
155
180
345
210
410
210
545
180
155
180
155
510
140
380
105
260
105
555
210
470
210
180
105
275
365
180
575
180
180
180
105
180
155
180
180
285
180
835
410
105
180
210
460
160
180
465
210
380
380
410
260
210
210
355
180
210
210
180
155
155
180
105
260
300
380
210
410
210
185
635
455
410
260
180
80
135
180
210
105
650
545
210
330
380
105
410
180
240
155
210
180
550
210
180
180
390
355
260
355
280
210
470
180
155
180
105
210
180
180
460
180
335
180
180
180
240
180
470
180
285
290
210
180
155
260
210
135
105
380
210
380
155
180
380
180
180
210
210
210
155
180
155
135
255
155
105
135
180
180
210
155
180
155
210
260
285
180
160
260
380
120
410
105
210
285
460
210
180
180
155
180
180
155
290
180
380
105
180
135
285
325
410
105
210
210
120
120
80
330
520
210
160
185
210
50
210
185
105
210
135
105
80
105
210
410
180
240
185
105
165
410
380
135
155
465
135
240
160
185
185
105
155
180
105
165
105
135
490
105
155
155
210
135
105
165
290
135
210
155
180
105
210
260
210
105
105
105
105
210
545
440
180
185
440
120
355
495
290
105
315
105
105
210
210
180
155
105
155
180
210
315
210
155
185
210
60
180
425
210
105
260
315
105
410
595
180
105
210
210
210
180
210
135
80
105
210
135
210
210
355
50
410
75
210
180
270
425
155
180
135
210
225
210
105
150
410
480
210
240
155
335
355
155
120
180
460
225
210
440
180
210
185
240
210
240
155
75
820
460
210
335
135
210
385
105
75
135
440
180
210
210
210
460
380
180
210
430
210
210
105
135
180
270
305
460
210
135
105
190
135
355
180
105
180
380
210
260
240
210
180
180
210
180
180
210
105
105
50
180
180
75
380
105
315
345
320
50
155
155
105
155
30
240
135
240
105
210
180
165
150
105
180
135
210
260
105
360
105
105
155
105
210
185
480
105
180
135
440
210
180
210
80
105
515
105
105
260
180
180
80
135
210
155
180
105
180
105
180
280
75
155
155
180
185
390
210
160
155
180
80
210
50
355
105
105
135
185
410
380
215
105
30
210
155
105
155
265
165
105
155
120
180
105
210
155
180
80
180
160
155
180
105
225
320
120
210
105
180
315
180
155
105
180
210
190
75
105
285
120
210
180
