315.0
155.0
40.0
40.0
180.0
490.0
155.0
205.0
240.0
120.0
610.0
115.0
75.0
120.0
180.0
80.0
255.0
410.0
135.0
80.0
135.0
225.0
515.0
260.0
80.0
55.0
105.0
250.0
55.0
315.0
155.0
440.0
135.0
415.0
110.0
275.0
55.0
50.0
55.0
65.0
110.0
185.0
140.0
75.0
135.0
25.0
380.0
135.0
155.0
515.0
260.0
180.0
345.0
260.0
80.0
30.0
165.0
170.0
135.0
120.0
320.0
105.0
370.0
90.0
90.0
75.0
190.0
110.0
115.0
350.0
100.0
15.0
125.0
120.0
155.0
80.0
160.0
95.0
135.0
110.0
110.0
135.0
230.0
150.0
60.0
65.0
105.0
145.0
120.0
45.0
220.0
80.0
45.0
60.0
80.0
125.0
145.0
120.0
210.0
90.0
55.0
285.0
40.0
110.0
45.0
225.0
285.0
425.0
180.0
70.0
460.0
110.0
450.0
125.0
485.0
45.0
5.0
160.0
80.0
30.0
155.0
110.0
120.0
335.0
155.0
110.0
60.0
75.0
215.0
80.0
195.0
205.0
305.0
260.0
250.0
105.0
180.0
105.0
385.0
80.0
135.0
80.0
335.0
155.0
190.0
55.0
150.0
95.0
30.0
80.0
110.0
45.0
115.0
155.0
130.0
105.0
90.0
110.0
35.0
300.0
85.0
70.0
60.0
45.0
185.0
45.0
105.0
170.0
35.0
365.0
90.0
130.0
45.0
110.0
15.0
115.0
145.0
320.0
215.0
210.0
70.0
50.0
135.0
170.0
25.0
80.0
140.0
105.0
80.0
80.0
380.0
40.0
155.0
375.0
155.0
80.0
185.0
40.0
280.0
295.0
35.0
150.0
215.0
125.0
380.0
210.0
35.0
235.0
85.0
110.0
385.0
180.0
195.0
290.0
35.0
285.0
480.0
55.0
85.0
145.0
155.0
115.0
130.0
335.0
155.0
80.0
80.0
460.0
75.0
280.0
835.0
220.0
75.0
155.0
145.0
305.0
55.0
140.0
395.0
60.0
100.0
260.0
160.0
425.0
205.0
95.0
185.0
60.0
175.0
130.0
120.0
400.0
545.0
350.0
490.0
315.0
60.0
495.0
140.0
170.0
215.0
135.0
115.0
210.0
190.0
125.0
150.0
185.0
65.0
465.0
55.0
340.0
205.0
270.0
215.0
55.0
305.0
145.0
235.0
245.0
145.0
135.0
130.0
170.0
155.0
100.0
170.0
470.0
130.0
30.0
155.0
30.0
60.0
220.0
70.0
165.0
185.0
285.0
80.0
145.0
305.0
235.0
230.0
50.0
145.0
150.0
460.0
65.0
275.0
190.0
90.0
700.0
50.0
365.0
180.0
155.0
250.0
205.0
410.0
30.0
325.0
400.0
90.0
55.0
90.0
80.0
230.0
95.0
275.0
225.0
130.0
150.0
100.0
95.0
155.0
350.0
185.0
105.0
85.0
125.0
110.0
310.0
225.0
345.0
350.0
135.0
80.0
35.0
235.0
110.0
195.0
365.0
30.0
245.0
90.0
140.0
155.0
70.0
85.0
115.0
60.0
145.0
215.0
365.0
135.0
90.0
530.0
205.0
75.0
410.0
370.0
260.0
135.0
80.0
180.0
80.0
460.0
225.0
210.0
60.0
165.0
380.0
115.0
85.0
210.0
105.0
85.0
215.0
140.0
410.0
240.0
345.0
300.0
125.0
335.0
105.0
215.0
390.0
100.0
135.0
245.0
175.0
160.0
230.0
110.0
180.0
60.0
80.0
90.0
405.0
185.0
120.0
80.0
160.0
340.0
35.0
90.0
195.0
465.0
490.0
545.0
75.0
330.0
80.0
65.0
75.0
105.0
150.0
215.0
430.0
175.0
200.0
180.0
210.0
120.0
190.0
135.0
250.0
175.0
110.0
260.0
85.0
180.0
60.0
215.0
110.0
135.0
160.0
365.0
120.0
340.0
110.0
135.0
80.0
470.0
110.0
250.0
35.0
145.0
100.0
140.0
130.0
225.0
60.0
180.0
150.0
555.0
435.0
370.0
130.0
65.0
375.0
85.0
240.0
125.0
170.0
135.0
355.0
95.0
185.0
130.0
70.0
205.0
75.0
135.0
150.0
295.0
370.0
90.0
115.0
135.0
55.0
145.0
80.0
485.0
210.0
290.0
180.0
190.0
140.0
155.0
65.0
115.0
50.0
155.0
145.0
590.0
230.0
250.0
150.0
170.0
125.0
190.0
125.0
70.0
160.0
170.0
135.0
165.0
170.0
180.0
480.0
155.0
150.0
140.0
180.0
105.0
80.0
210.0
105.0
305.0
325.0
395.0
185.0
400.0
60.0
80.0
240.0
250.0
320.0
280.0
185.0
5.0
115.0
275.0
110.0
25.0
250.0
165.0
405.0
50.0
40.0
255.0
65.0
110.0
225.0
175.0
500.0
75.0
160.0
480.0
195.0
345.0
150.0
155.0
270.0
45.0
445.0
155.0
35.0
170.0
150.0
290.0
100.0
50.0
165.0
160.0
130.0
125.0
70.0
240.0
340.0
120.0
45.0
80.0
60.0
230.0
380.0
335.0
140.0
135.0
240.0
60.0
40.0
75.0
110.0
75.0
50.0
425.0
195.0
100.0
215.0
265.0
100.0
145.0
190.0
215.0
70.0
145.0
65.0
15.0
420.0
125.0
50.0
70.0
55.0
490.0
195.0
215.0
85.0
235.0
105.0
235.0
170.0
35.0
70.0
195.0
455.0
100.0
180.0
230.0
465.0
175.0
240.0
90.0
255.0
165.0
155.0
60.0
295.0
60.0
240.0
280.0
50.0
160.0
175.0
375.0
70.0
105.0
85.0
220.0
115.0
190.0
185.0
300.0
180.0
245.0
720.0
175.0
135.0
160.0
225.0
295.0
90.0
235.0
155.0
125.0
185.0
265.0
95.0
170.0
205.0
35.0
175.0
135.0
160.0
245.0
260.0
175.0
320.0
285.0
275.0
365.0
195.0
170.0
70.0
425.0
140.0
175.0
130.0
495.0
205.0
260.0
105.0
75.0
310.0
385.0
215.0
220.0
230.0
175.0
335.0
230.0
465.0
200.0
30.0
95.0
125.0
40.0
30.0
195.0
240.0
330.0
165.0
375.0
130.0
250.0
160.0
425.0
440.0
190.0
120.0
60.0
115.0
280.0
305.0
285.0
225.0
60.0
125.0
175.0
250.0
270.0
200.0
225.0
215.0
210.0
160.0
720.0
135.0
185.0
220.0
235.0
90.0
40.0
155.0
245.0
120.0
125.0
320.0
170.0
205.0
30.0
155.0
410.0
105.0
240.0
435.0
160.0
245.0
40.0
200.0
255.0
275.0
60.0
210.0
425.0
255.0
615.0
145.0
165.0
115.0
225.0
170.0
240.0
330.0
170.0
215.0
435.0
295.0
215.0
150.0
140.0
245.0
150.0
65.0
205.0
160.0
415.0
60.0
210.0
230.0
480.0
95.0
170.0
235.0
360.0
310.0
155.0
125.0
155.0
85.0
155.0
145.0
150.0
165.0
85.0
355.0
190.0
200.0
450.0
85.0
235.0
495.0
195.0
265.0
115.0
245.0
505.0
230.0
180.0
445.0
265.0
210.0
245.0
405.0
235.0
245.0
150.0
755.0
210.0
300.0
235.0
185.0
185.0
475.0
185.0
255.0
425.0
285.0
240.0
160.0
95.0
245.0
150.0
370.0
245.0
430.0
120.0
465.0
195.0
430.0
145.0
280.0
170.0
415.0
215.0
140.0
125.0
470.0
220.0
170.0
390.0
190.0
155.0
140.0
195.0
225.0
220.0
420.0
165.0
225.0
60.0
150.0
270.0
85.0
295.0
185.0
185.0
265.0
125.0
150.0
280.0
25.0
160.0
645.0
435.0
275.0
125.0
150.0
75.0
515.0
190.0
160.0
120.0
230.0
200.0
160.0
130.0
170.0
185.0
215.0
425.0
145.0
220.0
390.0
200.0
250.0
335.0
180.0
130.0
215.0
360.0
315.0
145.0
340.0
170.0
150.0
450.0
445.0
270.0
180.0
115.0
255.0
135.0
205.0
145.0
175.0
125.0
195.0
480.0
420.0
215.0
175.0
215.0
120.0
250.0
240.0
250.0
245.0
250.0
265.0
160.0
155.0
245.0
285.0
220.0
285.0
210.0
155.0
205.0
170.0
185.0
160.0
195.0
220.0
190.0
285.0
190.0
125.0
200.0
145.0
130.0
425.0
200.0
275.0
240.0
140.0
630.0
370.0
80.0
250.0
130.0
165.0
135.0
280.0
170.0
395.0
215.0
255.0
220.0
420.0
230.0
690.0
290.0
225.0
620.0
75.0
110.0
115.0
110.0
270.0
230.0
150.0
200.0
150.0
230.0
395.0
215.0
220.0
255.0
250.0
255.0
190.0
185.0
400.0
140.0
245.0
225.0
230.0
185.0
25.0
465.0
225.0
215.0
345.0
135.0
220.0
215.0
420.0
215.0
145.0
135.0
570.0
185.0
255.0
210.0
165.0
210.0
255.0
485.0
200.0
470.0
55.0
55.0
225.0
215.0
230.0
685.0
210.0
190.0
175.0
295.0
50.0
185.0
165.0
540.0
220.0
205.0
225.0
140.0
370.0
250.0
225.0
175.0
310.0
215.0
195.0
160.0
210.0
165.0
545.0
165.0
190.0
195.0
215.0
245.0
340.0
245.0
95.0
425.0
465.0
200.0
185.0
210.0
30.0
265.0
75.0
255.0
215.0
415.0
40.0
125.0
135.0
275.0
75.0
425.0
230.0
155.0
160.0
185.0
255.0
155.0
95.0
320.0
200.0
250.0
30.0
130.0
170.0
140.0
140.0
190.0
220.0
270.0
45.0
190.0
110.0
40.0
260.0
340.0
165.0
55.0
45.0
145.0
140.0
205.0
630.0
180.0
410.0
245.0
180.0
135.0
155.0
95.0
430.0
215.0
245.0
220.0
230.0
510.0
255.0
60.0
125.0
660.0
580.0
230.0
375.0
195.0
260.0
90.0
470.0
205.0
480.0
350.0
165.0
430.0
450.0
175.0
250.0
355.0
425.0
120.0
165.0
220.0
165.0
355.0
185.0
205.0
195.0
120.0
195.0
160.0
95.0
230.0
25.0
270.0
225.0
215.0
290.0
240.0
150.0
250.0
565.0
440.0
680.0
165.0
410.0
375.0
490.0
610.0
280.0
210.0
305.0
205.0
140.0
140.0
225.0
445.0
230.0
140.0
375.0
135.0
195.0
420.0
450.0
485.0
195.0
60.0
225.0
230.0
130.0
260.0
405.0
240.0
110.0
740.0
155.0
490.0
215.0
505.0
145.0
195.0
380.0
210.0
230.0
75.0
165.0
220.0
105.0
425.0
440.0
95.0
170.0
225.0
290.0
345.0
360.0
220.0
155.0
220.0
630.0
235.0
185.0
225.0
450.0
160.0
325.0
220.0
210.0
215.0
265.0
620.0
215.0
265.0
440.0
245.0
200.0
155.0
170.0
125.0
235.0
175.0
185.0
400.0
470.0
300.0
220.0
240.0
165.0
175.0
175.0
155.0
175.0
215.0
240.0
160.0
400.0
180.0
40.0
285.0
225.0
155.0
155.0
290.0
295.0
190.0
165.0
225.0
125.0
420.0
220.0
165.0
420.0
420.0
175.0
215.0
290.0
390.0
140.0
150.0
530.0
460.0
360.0
240.0
250.0
215.0
135.0
395.0
455.0
230.0
505.0
170.0
335.0
170.0
290.0
220.0
485.0
165.0
220.0
150.0
195.0
140.0
115.0
15.0
205.0
435.0
170.0
230.0
45.0
445.0
225.0
605.0
210.0
485.0
155.0
205.0
210.0
265.0
200.0
505.0
225.0
290.0
145.0
250.0
215.0
215.0
240.0
190.0
205.0
340.0
875.0
220.0
265.0
230.0
215.0
30.0
210.0
280.0
265.0
145.0
185.0
175.0
240.0
250.0
325.0
240.0
210.0
175.0
80.0
160.0
160.0
160.0
275.0
350.0
75.0
220.0
370.0
190.0
220.0
280.0
155.0
285.0
190.0
165.0
50.0
275.0
235.0
440.0
170.0
400.0
170.0
255.0
235.0
60.0
155.0
220.0
165.0
290.0
310.0
485.0
150.0
80.0
255.0
375.0
220.0
145.0
165.0
320.0
430.0
215.0
60.0
240.0
110.0
180.0
185.0
260.0
160.0
245.0
70.0
405.0
115.0
140.0
320.0
425.0
230.0
345.0
160.0
120.0
170.0
260.0
470.0
235.0
205.0
175.0
225.0
250.0
555.0
425.0
310.0
250.0
160.0
275.0
410.0
105.0
115.0
415.0
255.0
185.0
245.0
215.0
125.0
115.0
220.0
390.0
220.0
240.0
220.0
760.0
170.0
145.0
190.0
440.0
390.0
230.0
215.0
105.0
65.0
185.0
235.0
230.0
260.0
215.0
235.0
505.0
110.0
250.0
150.0
230.0
490.0
190.0
135.0
235.0
175.0
485.0
200.0
140.0
165.0
135.0
80.0
245.0
535.0
240.0
245.0
455.0
235.0
250.0
180.0
185.0
225.0
615.0
535.0
140.0
75.0
225.0
325.0
215.0
225.0
185.0
385.0
135.0
245.0
265.0
145.0
280.0
165.0
85.0
435.0
700.0
155.0
275.0
260.0
175.0
170.0
130.0
195.0
255.0
245.0
170.0
145.0
495.0
475.0
425.0
430.0
135.0
360.0
140.0
445.0
450.0
230.0
270.0
255.0
420.0
160.0
80.0
160.0
235.0
270.0
125.0
435.0
125.0
145.0
135.0
225.0
190.0
125.0
260.0
250.0
160.0
210.0
135.0
430.0
460.0
145.0
195.0
155.0
295.0
235.0
710.0
130.0
320.0
155.0
435.0
280.0
250.0
245.0
270.0
255.0
430.0
180.0
125.0
205.0
130.0
275.0
255.0
115.0
275.0
250.0
160.0
190.0
235.0
470.0
155.0
220.0
140.0
155.0
165.0
245.0
205.0
240.0
45.0
435.0
245.0
255.0
95.0
145.0
200.0
160.0
215.0
270.0
140.0
490.0
235.0
245.0
180.0
255.0
285.0
255.0
65.0
465.0
185.0
175.0
240.0
190.0
190.0
215.0
540.0
90.0
35.0
525.0
155.0
340.0
160.0
180.0
240.0
155.0
325.0
155.0
295.0
265.0
260.0
290.0
110.0
285.0
270.0
195.0
220.0
445.0
405.0
545.0
335.0
65.0
155.0
170.0
485.0
170.0
520.0
290.0
220.0
240.0
415.0
230.0
440.0
120.0
125.0
50.0
180.0
240.0
135.0
380.0
130.0
260.0
345.0
15.0
40.0
55.0
305.0
250.0
540.0
280.0
420.0
175.0
190.0
205.0
290.0
295.0
145.0
110.0
445.0
55.0
270.0
65.0
80.0
410.0
215.0
535.0
330.0
210.0
205.0
325.0
115.0
125.0
250.0
210.0
420.0
515.0
185.0
150.0
180.0
300.0
85.0
265.0
225.0
225.0
205.0
395.0
155.0
295.0
260.0
575.0
160.0
160.0
185.0
190.0
165.0
265.0
215.0
265.0
155.0
15.0
115.0
135.0
30.0
265.0
205.0
150.0
185.0
340.0
195.0
65.0
495.0
355.0
105.0
195.0
590.0
250.0
175.0
100.0
175.0
125.0
25.0
250.0
250.0
215.0
205.0
755.0
195.0
220.0
400.0
435.0
210.0
120.0
180.0
205.0
255.0
30.0
210.0
405.0
125.0
150.0
80.0
245.0
230.0
325.0
265.0
60.0
265.0
245.0
125.0
285.0
55.0
85.0
130.0
415.0
250.0
225.0
60.0
165.0
585.0
330.0
305.0
235.0
135.0
505.0
60.0
255.0
175.0
35.0
145.0
390.0
170.0
235.0
460.0
525.0
120.0
185.0
665.0
160.0
50.0
185.0
45.0
80.0
175.0
45.0
160.0
60.0
115.0
425.0
160.0
50.0
175.0
615.0
65.0
265.0
255.0
115.0
265.0
90.0
170.0
220.0
200.0
420.0
205.0
250.0
440.0
250.0
230.0
135.0
410.0
275.0
315.0
470.0
425.0
235.0
205.0
460.0
240.0
145.0
175.0
330.0
115.0
225.0
395.0
440.0
330.0
525.0
510.0
195.0
165.0
265.0
445.0
100.0
190.0
255.0
635.0
365.0
50.0
195.0
145.0
80.0
400.0
195.0
530.0
155.0
435.0
70.0
280.0
245.0
45.0
260.0
140.0
70.0
215.0
150.0
130.0
195.0
140.0
370.0
320.0
525.0
270.0
275.0
280.0
160.0
310.0
470.0
170.0
145.0
170.0
370.0
175.0
150.0
505.0
170.0
235.0
230.0
235.0
180.0
315.0
95.0
215.0
215.0
160.0
255.0
220.0
460.0
285.0
235.0
215.0
105.0
335.0
300.0
425.0
230.0
455.0
250.0
105.0
275.0
190.0
265.0
240.0
290.0
415.0
140.0
110.0
145.0
220.0
320.0
295.0
210.0
295.0
435.0
225.0
200.0
260.0
150.0
225.0
235.0
465.0
170.0
260.0
310.0
270.0
235.0
250.0
525.0
260.0
140.0
380.0
480.0
245.0
190.0
240.0
445.0
230.0
265.0
270.0
415.0
250.0
500.0
445.0
200.0
415.0
415.0
225.0
280.0
85.0
540.0
535.0
165.0
55.0
220.0
750.0
270.0
280.0
60.0
200.0
190.0
210.0
535.0
445.0
420.0
215.0
125.0
460.0
480.0
135.0
315.0
225.0
225.0
365.0
655.0
235.0
270.0
295.0
200.0
370.0
280.0
415.0
280.0
750.0
400.0
420.0
220.0
235.0
470.0
240.0
255.0
205.0
235.0
450.0
120.0
145.0
235.0
315.0
185.0
350.0
420.0
195.0
265.0
220.0
505.0
220.0
220.0
115.0
225.0
205.0
475.0
285.0
310.0
515.0
235.0
225.0
230.0
285.0
450.0
235.0
875.0
470.0
145.0
245.0
415.0
330.0
145.0
220.0
235.0
295.0
480.0
430.0
470.0
190.0
840.0
205.0
485.0
400.0
255.0
140.0
240.0
300.0
185.0
100.0
220.0
295.0
285.0
280.0
280.0
230.0
240.0
615.0
230.0
220.0
235.0
285.0
155.0
290.0
285.0
225.0
295.0
225.0
550.0
210.0
320.0
265.0
220.0
180.0
225.0
215.0
395.0
430.0
425.0
235.0
225.0
355.0
265.0
110.0
220.0
220.0
305.0
245.0
245.0
200.0
130.0
195.0
260.0
235.0
230.0
165.0
230.0
160.0
685.0
320.0
240.0
220.0
490.0
220.0
225.0
145.0
230.0
475.0
560.0
320.0
420.0
280.0
290.0
250.0
220.0
275.0
145.0
225.0
490.0
425.0
225.0
170.0
205.0
320.0
235.0
125.0
140.0
115.0
240.0
145.0
450.0
135.0
420.0
325.0
145.0
280.0
575.0
215.0
235.0
260.0
195.0
360.0
220.0
505.0
220.0
445.0
260.0
425.0
240.0
160.0
215.0
375.0
130.0
255.0
210.0
285.0
440.0
260.0
220.0
480.0
240.0
325.0
490.0
220.0
295.0
315.0
135.0
265.0
145.0
250.0
290.0
95.0
125.0
240.0
505.0
230.0
225.0
255.0
430.0
220.0
480.0
175.0
235.0
160.0
275.0
490.0
450.0
250.0
310.0
300.0
170.0
450.0
265.0
550.0
85.0
255.0
855.0
225.0
105.0
515.0
150.0
350.0
550.0
205.0
225.0
660.0
310.0
275.0
290.0
270.0
275.0
220.0
265.0
315.0
215.0
300.0
530.0
275.0
210.0
205.0
280.0
195.0
220.0
200.0
365.0
80.0
355.0
265.0
225.0
320.0
415.0
140.0
180.0
430.0
225.0
235.0
355.0
180.0
230.0
230.0
305.0
195.0
110.0
240.0
395.0
220.0
240.0
275.0
250.0
420.0
500.0
295.0
170.0
180.0
280.0
190.0
225.0
225.0
285.0
160.0
195.0
155.0
230.0
260.0
265.0
195.0
235.0
320.0
315.0
295.0
225.0
230.0
250.0
235.0
145.0
140.0
75.0
245.0
250.0
135.0
240.0
275.0
270.0
215.0
230.0
535.0
145.0
225.0
230.0
150.0
260.0
255.0
250.0
140.0
220.0
475.0
240.0
430.0
215.0
300.0
425.0
220.0
90.0
240.0
145.0
225.0
160.0
295.0
430.0
270.0
275.0
320.0
180.0
150.0
250.0
155.0
270.0
245.0
145.0
320.0
295.0
310.0
420.0
270.0
340.0
305.0
230.0
425.0
190.0
105.0
270.0
495.0
445.0
470.0
275.0
225.0
265.0
245.0
225.0
440.0
275.0
140.0
145.0
160.0
320.0
435.0
140.0
220.0
335.0
205.0
225.0
445.0
300.0
620.0
230.0
310.0
160.0
255.0
275.0
245.0
230.0
270.0
265.0
215.0
225.0
230.0
160.0
300.0
430.0
265.0
250.0
290.0
445.0
235.0
80.0
220.0
520.0
245.0
215.0
320.0
330.0
250.0
250.0
245.0
230.0
250.0
150.0
145.0
220.0
285.0
295.0
230.0
225.0
165.0
315.0
340.0
225.0
185.0
195.0
230.0
255.0
150.0
580.0
120.0
375.0
415.0
170.0
440.0
465.0
235.0
245.0
160.0
530.0
170.0
225.0
280.0
405.0
415.0
220.0
495.0
215.0
215.0
440.0
150.0
405.0
680.0
425.0
245.0
245.0
250.0
315.0
550.0
240.0
335.0
310.0
215.0
335.0
135.0
345.0
625.0
270.0
785.0
275.0
260.0
185.0
220.0
240.0
435.0
175.0
75.0
420.0
465.0
75.0
240.0
265.0
225.0
270.0
260.0
120.0
235.0
275.0
220.0
310.0
500.0
85.0
190.0
240.0
145.0
255.0
215.0
215.0
215.0
270.0
200.0
345.0
295.0
185.0
270.0
295.0
485.0
245.0
165.0
210.0
225.0
275.0
55.0
190.0
250.0
300.0
235.0
200.0
245.0
235.0
290.0
285.0
305.0
320.0
420.0
460.0
645.0
220.0
220.0
215.0
220.0
420.0
250.0
185.0
230.0
255.0
260.0
440.0
235.0
225.0
135.0
235.0
445.0
200.0
320.0
220.0
300.0
125.0
470.0
690.0
420.0
240.0
610.0
155.0
315.0
445.0
415.0
230.0
235.0
215.0
170.0
350.0
190.0
680.0
310.0
615.0
285.0
290.0
475.0
205.0
395.0
200.0
430.0
460.0
210.0
260.0
430.0
170.0
420.0
195.0
350.0
560.0
545.0
635.0
200.0
520.0
205.0
785.0
175.0
45.0
130.0
290.0
185.0
105.0
490.0
260.0
345.0
215.0
485.0
225.0
220.0
430.0
175.0
570.0
260.0
490.0
350.0
45.0
350.0
210.0
75.0
275.0
230.0
160.0
160.0
60.0
140.0
245.0
490.0
225.0
225.0
240.0
375.0
110.0
95.0
245.0
655.0
245.0
260.0
50.0
205.0
65.0
190.0
250.0
515.0
210.0
190.0
150.0
210.0
140.0
500.0
140.0
420.0
510.0
265.0
415.0
770.0
650.0
635.0
195.0
300.0
415.0
240.0
630.0
200.0
50.0
585.0
485.0
560.0
215.0
350.0
285.0
445.0
110.0
100.0
425.0
200.0
320.0
215.0
200.0
30.0
135.0
250.0
25.0
235.0
170.0
230.0
370.0
395.0
245.0
295.0
415.0
255.0
305.0
305.0
235.0
75.0
140.0
340.0
55.0
130.0
10.0
545.0
290.0
70.0
170.0
85.0
360.0
35.0
190.0
280.0
620.0
320.0
185.0
435.0
190.0
795.0
175.0
605.0
35.0
170.0
185.0
235.0
300.0
675.0
370.0
170.0
220.0
175.0
225.0
150.0
230.0
125.0
290.0
240.0
400.0
150.0
40.0
365.0
250.0
260.0
140.0
200.0
35.0
145.0
150.0
60.0
505.0
295.0
155.0
475.0
220.0
425.0
115.0
150.0
315.0
245.0
330.0
450.0
200.0
85.0
140.0
195.0
105.0
115.0
365.0
315.0
230.0
115.0
315.0
335.0
170.0
395.0
255.0
330.0
215.0
545.0
155.0
225.0
430.0
135.0
205.0
160.0
455.0
180.0
90.0
220.0
285.0
175.0
275.0
505.0
310.0
235.0
140.0
320.0
435.0
190.0
145.0
355.0
195.0
245.0
130.0
170.0
295.0
145.0
235.0
375.0
375.0
445.0
280.0
435.0
275.0
245.0
280.0
395.0
270.0
215.0
195.0
400.0
165.0
220.0
240.0
145.0
265.0
230.0
245.0
55.0
350.0
250.0
425.0
250.0
215.0
250.0
240.0
225.0
220.0
295.0
135.0
230.0
170.0
135.0
230.0
345.0
140.0
315.0
340.0
295.0
345.0
240.0
245.0
115.0
215.0
600.0
200.0
585.0
165.0
225.0
170.0
150.0
225.0
120.0
285.0
450.0
175.0
225.0
150.0
165.0
185.0
210.0
235.0
335.0
215.0
45.0
90.0
250.0
35.0
265.0
130.0
425.0
220.0
535.0
220.0
310.0
175.0
245.0
70.0
145.0
70.0
245.0
185.0
290.0
365.0
185.0
265.0
430.0
240.0
280.0
130.0
240.0
275.0
285.0
225.0
230.0
170.0
175.0
160.0
230.0
245.0
540.0
220.0
205.0
170.0
305.0
200.0
260.0
275.0
255.0
270.0
180.0
135.0
180.0
175.0
90.0
215.0
310.0
205.0
205.0
175.0
400.0
240.0
500.0
235.0
500.0
75.0
250.0
235.0
145.0
195.0
220.0
245.0
230.0
235.0
1085.0
180.0
140.0
310.0
265.0
145.0
205.0
190.0
205.0
220.0
300.0
190.0
215.0
210.0
190.0
155.0
150.0
295.0
235.0
265.0
150.0
230.0
235.0
225.0
175.0
440.0
200.0
590.0
210.0
320.0
140.0
300.0
630.0
225.0
335.0
75.0
185.0
210.0
280.0
225.0
215.0
230.0
450.0
150.0
245.0
235.0
150.0
485.0
250.0
255.0
175.0
175.0
235.0
245.0
120.0
200.0
165.0
230.0
225.0
255.0
625.0
340.0
415.0
230.0
335.0
70.0
230.0
190.0
255.0
205.0
225.0
235.0
160.0
250.0
525.0
240.0
275.0
300.0
180.0
95.0
190.0
420.0
245.0
415.0
435.0
715.0
350.0
155.0
245.0
395.0
185.0
135.0
425.0
260.0
280.0
545.0
180.0
225.0
165.0
140.0
55.0
415.0
255.0
335.0
365.0
145.0
220.0
450.0
355.0
225.0
310.0
415.0
235.0
220.0
135.0
105.0
295.0
780.0
215.0
235.0
235.0
160.0
210.0
185.0
105.0
245.0
140.0
205.0
210.0
300.0
380.0
70.0
205.0
140.0
60.0
250.0
200.0
160.0
115.0
285.0
535.0
250.0
245.0
220.0
90.0
145.0
120.0
170.0
40.0
230.0
225.0
225.0
85.0
170.0
285.0
265.0
250.0
195.0
145.0
240.0
195.0
240.0
80.0
230.0
190.0
220.0
235.0
245.0
105.0
65.0
225.0
255.0
170.0
120.0
230.0
215.0
90.0
190.0
175.0
150.0
175.0
310.0
145.0
150.0
205.0
235.0
425.0
440.0
235.0
300.0
220.0
110.0
535.0
120.0
305.0
215.0
415.0
165.0
420.0
225.0
65.0
190.0
185.0
450.0
215.0
230.0
245.0
70.0
260.0
55.0
150.0
240.0
225.0
530.0
235.0
390.0
75.0
180.0
155.0
660.0
395.0
275.0
505.0
160.0
300.0
300.0
460.0
155.0
205.0
445.0
350.0
510.0
475.0
320.0
225.0
240.0
160.0
155.0
270.0
465.0
415.0
225.0
175.0
120.0
260.0
135.0
300.0
125.0
135.0
130.0
125.0
260.0
260.0
225.0
55.0
150.0
230.0
70.0
360.0
480.0
145.0
415.0
205.0
255.0
235.0
300.0
180.0
65.0
240.0
195.0
45.0
285.0
130.0
215.0
270.0
160.0
125.0
130.0
60.0
270.0
75.0
265.0
345.0
135.0
260.0
40.0
205.0
425.0
540.0
220.0
50.0
135.0
190.0
445.0
65.0
205.0
225.0
150.0
225.0
285.0
470.0
200.0
130.0
385.0
235.0
155.0
210.0
170.0
150.0
285.0
90.0
220.0
75.0
275.0
170.0
170.0
215.0
205.0
80.0
205.0
125.0
70.0
425.0
485.0
415.0
220.0
130.0
225.0
100.0
155.0
90.0
155.0
175.0
290.0
795.0
255.0
320.0
150.0
120.0
205.0
165.0
200.0
160.0
85.0
225.0
170.0
200.0
160.0
155.0
170.0
85.0
105.0
420.0
215.0
400.0
245.0
195.0
195.0
145.0
270.0
195.0
260.0
570.0
135.0
180.0
205.0
165.0
170.0
200.0
135.0
610.0
250.0
135.0
200.0
60.0
220.0
155.0
60.0
360.0
195.0
180.0
155.0
255.0
185.0
125.0
150.0
280.0
120.0
25.0
175.0
275.0
235.0
155.0
325.0
205.0
35.0
235.0
215.0
175.0
45.0
175.0
175.0
60.0
145.0
245.0
185.0
60.0
150.0
55.0
145.0
175.0
390.0
160.0
190.0
245.0
250.0
300.0
40.0
180.0
165.0
220.0
60.0
205.0
215.0
165.0
245.0
200.0
355.0
225.0
155.0
235.0
185.0
55.0
135.0
210.0
85.0
630.0
230.0
245.0
295.0
165.0
40.0
185.0
215.0
265.0
35.0
395.0
140.0
105.0
485.0
235.0
180.0
170.0
215.0
355.0
185.0
195.0
245.0
160.0
260.0
280.0
115.0
215.0
180.0
185.0
415.0
595.0
220.0
205.0
735.0
210.0
125.0
215.0
155.0
215.0
255.0
50.0
355.0
150.0
450.0
120.0
170.0
235.0
335.0
175.0
35.0
140.0
195.0
165.0
250.0
100.0
115.0
105.0
235.0
555.0
210.0
415.0
500.0
220.0
345.0
160.0
290.0
205.0
145.0
90.0
260.0
225.0
480.0
130.0
160.0
130.0
185.0
270.0
55.0
145.0
255.0
205.0
225.0
125.0
410.0
215.0
275.0
700.0
205.0
220.0
195.0
425.0
170.0
235.0
105.0
295.0
205.0
310.0
155.0
435.0
435.0
245.0
190.0
450.0
520.0
345.0
330.0
285.0
210.0
150.0
415.0
215.0
160.0
275.0
220.0
145.0
465.0
120.0
215.0
235.0
435.0
405.0
275.0
235.0
160.0
215.0
250.0
340.0
130.0
130.0
365.0
280.0
160.0
725.0
275.0
210.0
210.0
255.0
410.0
165.0
150.0
255.0
240.0
255.0
275.0
185.0
340.0
210.0
235.0
250.0
205.0
265.0
235.0
205.0
290.0
475.0
225.0
455.0
235.0
470.0
330.0
225.0
225.0
175.0
230.0
205.0
190.0
120.0
225.0
295.0
285.0
445.0
225.0
235.0
220.0
275.0
310.0
160.0
120.0
245.0
135.0
215.0
435.0
160.0
170.0
245.0
235.0
275.0
180.0
185.0
710.0
130.0
270.0
220.0
175.0
425.0
250.0
225.0
225.0
175.0
280.0
230.0
215.0
665.0
200.0
215.0
255.0
280.0
215.0
480.0
55.0
195.0
185.0
95.0
220.0
135.0
500.0
235.0
340.0
495.0
235.0
215.0
195.0
110.0
320.0
205.0
430.0
250.0
180.0
425.0
270.0
235.0
215.0
235.0
130.0
195.0
165.0
235.0
265.0
390.0
595.0
120.0
170.0
170.0
125.0
440.0
470.0
245.0
210.0
245.0
145.0
120.0
120.0
210.0
240.0
570.0
30.0
60.0
195.0
155.0
220.0
135.0
170.0
140.0
290.0
320.0
155.0
110.0
200.0
295.0
190.0
445.0
80.0
230.0
230.0
215.0
495.0
115.0
90.0
165.0
425.0
200.0
280.0
320.0
175.0
480.0
175.0
325.0
165.0
275.0
480.0
155.0
220.0
395.0
400.0
335.0
490.0
230.0
530.0
195.0
285.0
135.0
90.0
290.0
210.0
210.0
495.0
210.0
95.0
320.0
415.0
165.0
215.0
180.0
190.0
175.0
260.0
160.0
70.0
195.0
180.0
175.0
195.0
105.0
165.0
225.0
230.0
205.0
245.0
225.0
230.0
230.0
855.0
280.0
250.0
580.0
260.0
310.0
240.0
130.0
160.0
235.0
270.0
265.0
145.0
435.0
220.0
415.0
265.0
130.0
135.0
300.0
210.0
185.0
205.0
245.0
165.0
320.0
520.0
205.0
420.0
305.0
70.0
260.0
285.0
210.0
210.0
115.0
220.0
435.0
260.0
290.0
445.0
525.0
195.0
155.0
260.0
50.0
315.0
205.0
220.0
175.0
280.0
105.0
70.0
345.0
310.0
185.0
205.0
535.0
265.0
235.0
195.0
190.0
490.0
295.0
310.0
475.0
125.0
120.0
235.0
270.0
505.0
145.0
225.0
415.0
225.0
220.0
425.0
260.0
335.0
5.0
225.0
235.0
450.0
190.0
140.0
155.0
145.0
395.0
235.0
200.0
130.0
90.0
220.0
240.0
240.0
240.0
295.0
295.0
440.0
235.0
260.0
125.0
235.0
220.0
120.0
245.0
225.0
260.0
270.0
215.0
220.0
235.0
160.0
230.0
165.0
360.0
135.0
190.0
140.0
235.0
180.0
185.0
165.0
260.0
155.0
160.0
175.0
190.0
230.0
765.0
470.0
730.0
225.0
295.0
415.0
295.0
45.0
245.0
250.0
195.0
595.0
295.0
210.0
435.0
275.0
145.0
205.0
230.0
205.0
145.0
220.0
165.0
160.0
150.0
350.0
380.0
75.0
165.0
295.0
135.0
425.0
220.0
245.0
265.0
330.0
275.0
240.0
215.0
120.0
215.0
475.0
155.0
170.0
80.0
485.0
155.0
115.0
250.0
215.0
215.0
320.0
50.0
90.0
285.0
245.0
240.0
170.0
340.0
340.0
190.0
95.0
45.0
240.0
300.0
175.0
140.0
230.0
235.0
175.0
230.0
55.0
140.0
200.0
215.0
75.0
240.0
30.0
115.0
160.0
285.0
245.0
170.0
270.0
195.0
175.0
155.0
160.0
295.0
160.0
235.0
110.0
330.0
530.0
165.0
225.0
215.0
60.0
40.0
205.0
250.0
255.0
55.0
320.0
75.0
45.0
195.0
275.0
495.0
260.0
495.0
45.0
195.0
195.0
75.0
120.0
200.0
205.0
190.0
180.0
235.0
15.0
325.0
215.0
140.0
165.0
190.0
195.0
25.0
190.0
160.0
340.0
275.0
235.0
225.0
175.0
65.0
175.0
25.0
95.0
445.0
175.0
400.0
50.0
55.0
60.0
65.0
195.0
40.0
175.0
150.0
90.0
55.0
230.0
165.0
165.0
240.0
210.0
175.0
415.0
225.0
485.0
200.0
395.0
230.0
55.0
160.0
235.0
205.0
280.0
140.0
140.0
195.0
200.0
150.0
510.0
175.0
80.0
170.0
190.0
170.0
140.0
165.0
215.0
250.0
220.0
50.0
185.0
90.0
170.0
215.0
295.0
295.0
200.0
175.0
235.0
455.0
325.0
305.0
230.0
220.0
170.0
85.0
235.0
190.0
80.0
245.0
245.0
160.0
165.0
40.0
180.0
260.0
185.0
25.0
50.0
95.0
40.0
150.0
450.0
20.0
45.0
485.0
285.0
150.0
175.0
175.0
135.0
315.0
215.0
230.0
370.0
175.0
180.0
280.0
40.0
235.0
195.0
45.0
135.0
485.0
565.0
175.0
415.0
105.0
140.0
50.0
205.0
270.0
195.0
240.0
255.0
285.0
255.0
190.0
185.0
50.0
170.0
175.0
75.0
245.0
265.0
155.0
245.0
30.0
180.0
35.0
245.0
75.0
280.0
180.0
190.0
410.0
130.0
165.0
330.0
155.0
140.0
170.0
55.0
10.0
155.0
150.0
110.0
175.0
140.0
80.0
80.0
180.0
145.0
155.0
255.0
170.0
170.0
465.0
165.0
60.0
205.0
215.0
60.0
455.0
185.0
240.0
130.0
30.0
115.0
230.0
260.0
225.0
55.0
160.0
110.0
140.0
35.0
270.0
200.0
200.0
195.0
85.0
110.0
470.0
80.0
40.0
170.0
195.0
285.0
190.0
80.0
230.0
425.0
360.0
345.0
515.0
50.0
70.0
40.0
115.0
340.0
175.0
150.0
155.0
315.0
440.0
190.0
215.0
200.0
295.0
260.0
185.0
35.0
220.0
180.0
190.0
155.0
230.0
275.0
70.0
235.0
30.0
270.0
360.0
155.0
155.0
240.0
160.0
70.0
85.0
290.0
160.0
70.0
85.0
195.0
170.0
305.0
160.0
205.0
640.0
185.0
175.0
205.0
175.0
115.0
135.0
415.0
180.0
155.0
205.0
150.0
470.0
260.0
205.0
115.0
855.0
175.0
95.0
60.0
195.0
175.0
30.0
450.0
175.0
55.0
190.0
190.0
445.0
90.0
165.0
265.0
140.0
260.0
95.0
470.0
190.0
350.0
140.0
300.0
135.0
175.0
270.0
200.0
160.0
190.0
340.0
195.0
300.0
225.0
145.0
60.0
195.0
205.0
205.0
85.0
45.0
160.0
165.0
335.0
125.0
170.0
260.0
160.0
205.0
45.0
150.0
730.0
260.0
95.0
235.0
425.0
450.0
185.0
210.0
565.0
175.0
50.0
225.0
230.0
135.0
170.0
125.0
155.0
520.0
60.0
185.0
300.0
170.0
230.0
115.0
160.0
245.0
645.0
220.0
245.0
150.0
425.0
360.0
195.0
205.0
200.0
50.0
260.0
275.0
355.0
470.0
125.0
180.0
445.0
430.0
155.0
95.0
175.0
140.0
140.0
225.0
640.0
350.0
270.0
145.0
135.0
200.0
460.0
210.0
75.0
175.0
340.0
235.0
155.0
450.0
270.0
195.0
150.0
60.0
255.0
160.0
70.0
85.0
160.0
170.0
220.0
175.0
290.0
160.0
525.0
155.0
265.0
510.0
165.0
190.0
255.0
115.0
195.0
165.0
155.0
200.0
170.0
270.0
150.0
270.0
225.0
205.0
225.0
40.0
360.0
225.0
80.0
135.0
285.0
180.0
190.0
495.0
265.0
150.0
260.0
165.0
255.0
135.0
75.0
280.0
260.0
140.0
205.0
200.0
190.0
225.0
205.0
335.0
140.0
140.0
175.0
185.0
180.0
165.0
110.0
125.0
255.0
155.0
70.0
800.0
155.0
245.0
95.0
285.0
240.0
170.0
170.0
225.0
285.0
380.0
365.0
235.0
15.0
90.0
270.0
170.0
230.0
305.0
520.0
280.0
315.0
150.0
435.0
295.0
345.0
240.0
280.0
350.0
305.0
185.0
360.0
165.0
225.0
235.0
170.0
260.0
425.0
480.0
215.0
350.0
145.0
290.0
225.0
200.0
160.0
80.0
180.0
225.0
150.0
240.0
255.0
200.0
445.0
180.0
405.0
285.0
170.0
160.0
225.0
145.0
355.0
175.0
130.0
475.0
150.0
265.0
125.0
545.0
175.0
150.0
180.0
235.0
210.0
485.0
205.0
275.0
215.0
550.0
230.0
355.0
235.0
250.0
195.0
240.0
145.0
450.0
120.0
205.0
435.0
280.0
145.0
280.0
285.0
95.0
260.0
115.0
225.0
175.0
135.0
270.0
150.0
145.0
235.0
270.0
160.0
340.0
165.0
245.0
145.0
175.0
130.0
485.0
195.0
175.0
245.0
345.0
255.0
290.0
320.0
730.0
560.0
340.0
175.0
425.0
200.0
150.0
225.0
495.0
215.0
150.0
270.0
255.0
225.0
420.0
125.0
335.0
175.0
225.0
485.0
80.0
225.0
295.0
435.0
315.0
290.0
250.0
285.0
260.0
345.0
335.0
250.0
95.0
190.0
160.0
230.0
930.0
470.0
245.0
255.0
235.0
70.0
180.0
375.0
235.0
335.0
220.0
165.0
470.0
495.0
280.0
285.0
470.0
365.0
660.0
145.0
165.0
400.0
135.0
210.0
165.0
200.0
320.0
345.0
220.0
250.0
180.0
225.0
35.0
185.0
280.0
170.0
140.0
235.0
180.0
225.0
195.0
235.0
170.0
210.0
300.0
405.0
185.0
315.0
800.0
300.0
225.0
105.0
180.0
270.0
185.0
80.0
395.0
350.0
280.0
260.0
230.0
200.0
275.0
410.0
715.0
225.0
235.0
235.0
310.0
215.0
225.0
310.0
140.0
210.0
170.0
65.0
415.0
75.0
165.0
75.0
255.0
920.0
305.0
135.0
175.0
160.0
435.0
240.0
250.0
520.0
305.0
160.0
545.0
150.0
210.0
270.0
130.0
255.0
125.0
375.0
140.0
435.0
310.0
235.0
210.0
280.0
535.0
235.0
170.0
125.0
190.0
190.0
140.0
150.0
240.0
70.0
540.0
185.0
125.0
155.0
225.0
215.0
190.0
225.0
310.0
270.0
435.0
370.0
235.0
280.0
130.0
230.0
120.0
480.0
240.0
125.0
435.0
225.0
570.0
250.0
145.0
215.0
140.0
95.0
160.0
515.0
165.0
470.0
245.0
190.0
335.0
555.0
165.0
285.0
135.0
80.0
250.0
335.0
435.0
275.0
375.0
250.0
535.0
175.0
255.0
280.0
255.0
325.0
285.0
275.0
235.0
700.0
450.0
350.0
425.0
320.0
295.0
340.0
145.0
235.0
135.0
220.0
165.0
385.0
215.0
215.0
145.0
245.0
340.0
350.0
150.0
435.0
425.0
335.0
160.0
270.0
295.0
235.0
150.0
135.0
160.0
175.0
150.0
245.0
185.0
225.0
240.0
275.0
415.0
345.0
175.0
345.0
345.0
800.0
375.0
145.0
135.0
375.0
450.0
375.0
175.0
280.0
520.0
330.0
345.0
500.0
320.0
425.0
165.0
170.0
95.0
345.0
225.0
340.0
655.0
310.0
225.0
160.0
210.0
225.0
285.0
435.0
145.0
625.0
95.0
145.0
400.0
235.0
335.0
480.0
150.0
425.0
345.0
310.0
470.0
350.0
290.0
175.0
250.0
220.0
435.0
205.0
180.0
435.0
205.0
215.0
200.0
145.0
145.0
405.0
180.0
435.0
225.0
260.0
200.0
235.0
225.0
110.0
135.0
55.0
250.0
150.0
205.0
175.0
235.0
420.0
165.0
95.0
255.0
400.0
160.0
210.0
255.0
235.0
500.0
160.0
145.0
225.0
300.0
145.0
275.0
185.0
425.0
510.0
100.0
225.0
335.0
180.0
425.0
260.0
235.0
280.0
345.0
120.0
435.0
155.0
225.0
150.0
295.0
255.0
540.0
250.0
305.0
145.0
255.0
245.0
150.0
160.0
335.0
245.0
495.0
200.0
275.0
205.0
275.0
180.0
365.0
180.0
160.0
135.0
435.0
280.0
290.0
190.0
235.0
470.0
180.0
345.0
315.0
75.0
210.0
425.0
425.0
260.0
285.0
145.0
180.0
195.0
160.0
95.0
190.0
220.0
250.0
230.0
285.0
265.0
205.0
105.0
205.0
225.0
335.0
385.0
175.0
95.0
155.0
170.0
65.0
150.0
605.0
350.0
460.0
130.0
185.0
330.0
145.0
270.0
195.0
150.0
190.0
150.0
100.0
125.0
160.0
155.0
410.0
160.0
205.0
225.0
110.0
190.0
130.0
210.0
235.0
245.0
420.0
205.0
45.0
490.0
145.0
175.0
55.0
270.0
190.0
150.0
40.0
75.0
200.0
115.0
190.0
420.0
145.0
150.0
45.0
160.0
190.0
310.0
125.0
330.0
185.0
210.0
60.0
185.0
205.0
70.0
150.0
35.0
190.0
165.0
155.0
295.0
160.0
220.0
220.0
60.0
290.0
125.0
155.0
130.0
305.0
35.0
115.0
350.0
65.0
60.0
70.0
240.0
160.0
70.0
75.0
60.0
310.0
180.0
235.0
165.0
735.0
160.0
445.0
25.0
310.0
235.0
345.0
110.0
200.0
55.0
320.0
250.0
50.0
150.0
155.0
210.0
70.0
75.0
35.0
45.0
190.0
180.0
220.0
190.0
290.0
260.0
245.0
165.0
330.0
85.0
560.0
175.0
205.0
165.0
220.0
435.0
275.0
65.0
195.0
30.0
180.0
290.0
160.0
180.0
155.0
160.0
335.0
270.0
640.0
125.0
175.0
310.0
360.0
135.0
380.0
135.0
255.0
335.0
520.0
75.0
165.0
350.0
295.0
235.0
105.0
145.0
180.0
190.0
215.0
140.0
150.0
110.0
50.0
160.0
55.0
240.0
270.0
145.0
30.0
195.0
295.0
250.0
230.0
345.0
75.0
550.0
310.0
250.0
190.0
235.0
225.0
180.0
195.0
115.0
50.0
150.0
260.0
430.0
540.0
185.0
170.0
165.0
215.0
20.0
330.0
30.0
310.0
190.0
215.0
270.0
195.0
80.0
115.0
180.0
285.0
415.0
90.0
480.0
115.0
45.0
35.0
180.0
240.0
295.0
220.0
80.0
195.0
290.0
95.0
165.0
150.0
90.0
95.0
75.0
340.0
210.0
190.0
280.0
260.0
130.0
85.0
170.0
225.0
160.0
40.0
605.0
190.0
215.0
150.0
115.0
115.0
110.0
140.0
250.0
160.0
230.0
130.0
335.0
220.0
240.0
615.0
120.0
65.0
435.0
70.0
255.0
150.0
370.0
430.0
185.0
145.0
160.0
480.0
200.0
60.0
85.0
100.0
185.0
65.0
55.0
35.0
470.0
230.0
175.0
150.0
175.0
190.0
155.0
95.0
50.0
300.0
190.0
280.0
80.0
280.0
280.0
80.0
60.0
40.0
80.0
165.0
160.0
365.0
305.0
600.0
215.0
490.0
475.0
285.0
195.0
110.0
525.0
510.0
105.0
205.0
155.0
170.0
410.0
415.0
80.0
200.0
520.0
205.0
685.0
495.0
230.0
125.0
35.0
205.0
270.0
565.0
395.0
20.0
415.0
75.0
110.0
280.0
150.0
210.0
110.0
425.0
270.0
210.0
175.0
165.0
945.0
280.0
215.0
465.0
295.0
140.0
170.0
105.0
320.0
195.0
150.0
90.0
365.0
305.0
130.0
140.0
250.0
140.0
335.0
340.0
200.0
125.0
140.0
120.0
330.0
160.0
85.0
95.0
305.0
235.0
215.0
285.0
50.0
140.0
65.0
680.0
395.0
80.0
110.0
220.0
200.0
390.0
80.0
475.0
565.0
80.0
555.0
375.0
60.0
50.0
235.0
235.0
230.0
90.0
120.0
95.0
115.0
150.0
110.0
45.0
50.0
80.0
305.0
370.0
375.0
50.0
65.0
220.0
215.0
150.0
30.0
190.0
85.0
175.0
105.0
130.0
555.0
455.0
65.0
125.0
280.0
170.0
105.0
410.0
570.0
110.0
145.0
120.0
200.0
80.0
410.0
80.0
135.0
80.0
140.0
60.0
270.0
60.0
75.0
500.0
220.0
100.0
120.0
225.0
65.0
55.0
120.0
125.0
65.0
55.0
200.0
85.0
35.0
80.0
120.0
155.0
400.0
85.0
80.0
55.0
310.0
150.0
80.0
75.0
190.0
90.0
210.0
335.0
75.0
15.0
205.0
70.0
165.0
80.0
55.0
100.0
45.0
850.0
75.0
30.0
45.0
80.0
60.0
155.0
75.0
105.0
55.0
50.0
45.0
65.0
75.0
190.0
175.0
80.0
60.0
80.0
50.0
145.0
100.0
30.0
110.0
70.0
195.0
160.0
135.0
120.0
40.0
80.0
365.0
75.0
35.0
190.0
80.0
85.0
440.0
100.0
130.0
440.0
80.0
50.0
75.0
55.0
430.0
225.0
75.0
35.0
195.0
110.0
50.0
515.0
30.0
400.0
140.0
195.0
75.0
180.0
50.0
445.0
205.0
110.0
110.0
75.0
390.0
160.0
205.0
35.0
125.0
135.0
75.0
75.0
75.0
480.0
115.0
130.0
60.0
105.0
185.0
135.0
75.0
150.0
80.0
255.0
50.0
770.0
80.0
570.0
105.0
415.0
370.0
200.0
75.0
155.0
215.0
75.0
285.0
130.0
260.0
125.0
190.0
35.0
90.0
95.0
230.0
530.0
370.0
300.0
450.0
135.0
325.0
235.0
65.0
480.0
75.0
105.0
195.0
75.0
105.0
75.0
140.0
430.0
160.0
295.0
155.0
150.0
75.0
80.0
80.0
50.0
65.0
155.0
140.0
215.0
335.0
80.0
305.0
500.0
195.0
360.0
75.0
140.0
140.0
340.0
310.0
160.0
80.0
170.0
135.0
315.0
600.0
380.0
130.0
80.0
155.0
140.0
250.0
165.0
200.0
145.0
240.0
60.0
75.0
210.0
125.0
155.0
160.0
285.0
435.0
385.0
140.0
100.0
440.0
125.0
465.0
220.0
145.0
60.0
230.0
125.0
605.0
45.0
125.0
310.0
120.0
305.0
500.0
560.0
130.0
240.0
175.0
255.0
60.0
320.0
180.0
155.0
465.0
80.0
80.0
295.0
160.0
170.0
185.0
50.0
75.0
220.0
45.0
85.0
275.0
175.0
395.0
45.0
220.0
395.0
445.0
125.0
120.0
320.0
355.0
160.0
85.0
60.0
185.0
350.0
125.0
820.0
615.0
105.0
50.0
780.0
455.0
410.0
245.0
450.0
420.0
95.0
535.0
230.0
195.0
105.0
205.0
75.0
160.0
90.0
435.0
310.0
65.0
210.0
305.0
115.0
230.0
270.0
285.0
275.0
385.0
185.0
45.0
1140.0
385.0
105.0
200.0
130.0
165.0
415.0
110.0
150.0
235.0
165.0
435.0
450.0
95.0
495.0
95.0
55.0
140.0
180.0
135.0
85.0
210.0
205.0
45.0
260.0
120.0
225.0
205.0
45.0
80.0
415.0
50.0
130.0
95.0
125.0
375.0
520.0
200.0
140.0
230.0
110.0
545.0
90.0
170.0
105.0
70.0
525.0
270.0
235.0
335.0
420.0
125.0
80.0
450.0
380.0
55.0
110.0
215.0
165.0
160.0
190.0
295.0
260.0
575.0
275.0
90.0
60.0
55.0
165.0
535.0
295.0
100.0
65.0
65.0
125.0
140.0
395.0
65.0
75.0
105.0
90.0
70.0
50.0
50.0
90.0
80.0
65.0
465.0
390.0
105.0
225.0
120.0
65.0
50.0
75.0
35.0
290.0
335.0
150.0
75.0
245.0
30.0
155.0
175.0
70.0
105.0
65.0
630.0
90.0
30.0
400.0
150.0
115.0
125.0
395.0
30.0
200.0
185.0
50.0
45.0
30.0
80.0
205.0
55.0
140.0
65.0
35.0
90.0
45.0
190.0
170.0
60.0
30.0
105.0
30.0
75.0
145.0
30.0
65.0
190.0
40.0
165.0
155.0
15.0
210.0
80.0
15.0
65.0
5.0
35.0
5.0
125.0
30.0
15.0
15.0
45.0
75.0
60.0
75.0
75.0
50.0
105.0
75.0
75.0
5.0
30.0
50.0
135.0
125.0
110.0
15.0
30.0
75.0
15.0
50.0
15.0
50.0
5.0
5.0
15.0
15.0
75.0
5.0
5.0
75.0
50.0
210.0
50.0
105.0
70.0
45.0
65.0
105.0
5.0
50.0
95.0
15.0
5.0
75.0
15.0
15.0
15.0
105.0
15.0
5.0
75.0
15.0
15.0
75.0
50.0
105.0
75.0
30.0
75.0
30.0
5.0
15.0
75.0
15.0
15.0
75.0
110.0
15.0
15.0
75.0
15.0
30.0
5.0
5.0
105.0
5.0
75.0
5.0
50.0
75.0
50.0
15.0
50.0
5.0
105.0
320.0
5.0
180.0
30.0
5.0
50.0
105.0
5.0
75.0
50.0
30.0
75.0
5.0
120.0
15.0
50.0
50.0
105.0
5.0
305.0
5.0
50.0
75.0
15.0
75.0
5.0
50.0
30.0
5.0
30.0
15.0
105.0
15.0
5.0
105.0
50.0
5.0
5.0
50.0
15.0
5.0
75.0
75.0
15.0
15.0
50.0
30.0
30.0
75.0
5.0
5.0
105.0
50.0
5.0
55.0
50.0
20.0
15.0
5.0
30.0
5.0
5.0
230.0
15.0
80.0
65.0
15.0
15.0
5.0
5.0
15.0
5.0
20.0
65.0
50.0
230.0
15.0
20.0
15.0
5.0
0.0
0.0
15.0
90.0
5.0
5.0
40.0
65.0
235.0
35.0
15.0
30.0
115.0
100.0
5.0
135.0
55.0
80.0
15.0
130.0
145.0
115.0
265.0
5.0
5.0
320.0
375.0
145.0
65.0
20.0
75.0
105.0
25.0
230.0
15.0
30.0
30.0
30.0
15.0
35.0
65.0
150.0
15.0
115.0
45.0
70.0
60.0
30.0
30.0
20.0
5.0
5.0
165.0
15.0
75.0
80.0
25.0
95.0
30.0
185.0
50.0
5.0
5.0
5.0
5.0
5.0
40.0
5.0
5.0
55.0
55.0
60.0
60.0
5.0
15.0
20.0
15.0
55.0
15.0
5.0
15.0
70.0
30.0
15.0
20.0
5.0
5.0
5.0
60.0
210.0
65.0
75.0
255.0
145.0
35.0
5.0
160.0
5.0
155.0
90.0
5.0
5.0
20.0
55.0
105.0
30.0
10.0
135.0
15.0
110.0
5.0
55.0
80.0
60.0
60.0
10.0
15.0
15.0
45.0
30.0
15.0
15.0
15.0
5.0
30.0
30.0
5.0
30.0
35.0
40.0
15.0
5.0
5.0
30.0
80.0
15.0
15.0
5.0
55.0
30.0
35.0
45.0
30.0
5.0
45.0
30.0
35.0
30.0
25.0
5.0
20.0
45.0
50.0
5.0
15.0
5.0
35.0
30.0
20.0
50.0
30.0
55.0
30.0
15.0
70.0
5.0
0.0
20.0
15.0
75.0
30.0
5.0
5.0
35.0
25.0
45.0
60.0
25.0
185.0
20.0
15.0
40.0
15.0
5.0
15.0
15.0
60.0
5.0
15.0
15.0
10.0
30.0
80.0
90.0
130.0
5.0
5.0
30.0
15.0
15.0
15.0
5.0
15.0
10.0
15.0
5.0
75.0
5.0
15.0
120.0
15.0
15.0
75.0
15.0
30.0
15.0
15.0
30.0
5.0
5.0
5.0
30.0
5.0
5.0
15.0
5.0
5.0
60.0
15.0
15.0
35.0
5.0
80.0
5.0
15.0
5.0
50.0
50.0
5.0
5.0
50.0
30.0
15.0
5.0
50.0
15.0
15.0
5.0
30.0
15.0
15.0
5.0
5.0
15.0
5.0
15.0
15.0
5.0
5.0
30.0
30.0
5.0
15.0
30.0
5.0
15.0
15.0
30.0
15.0
15.0
15.0
5.0
15.0
30.0
5.0
15.0
50.0
50.0
5.0
15.0
15.0
50.0
35.0
35.0
50.0
30.0
15.0
75.0
5.0
15.0
15.0
15.0
30.0
5.0
120.0
15.0
30.0
15.0
15.0
30.0
30.0
30.0
75.0
50.0
15.0
30.0
180.0
80.0
5.0
30.0
5.0
5.0
30.0
15.0
15.0
5.0
15.0
15.0
5.0
5.0
30.0
5.0
15.0
30.0
50.0
5.0
5.0
5.0
15.0
30.0
60.0
5.0
5.0
5.0
45.0
55.0
15.0
15.0
5.0
30.0
35.0
60.0
15.0
30.0
125.0
30.0
30.0
15.0
5.0
30.0
30.0
165.0
5.0
30.0
5.0
135.0
30.0
30.0
5.0
65.0
35.0
5.0
5.0
5.0
5.0
15.0
50.0
30.0
30.0
50.0
5.0
30.0
15.0
5.0
20.0
30.0
15.0
80.0
15.0
50.0
5.0
10.0
50.0
5.0
50.0
55.0
10.0
5.0
15.0
15.0
60.0
15.0
5.0
50.0
35.0
5.0
50.0
5.0
15.0
50.0
5.0
50.0
30.0
50.0
50.0
30.0
15.0
30.0
5.0
5.0
5.0
5.0
5.0
5.0
15.0
30.0
15.0
30.0
135.0
75.0
125.0
335.0
50.0
5.0
50.0
50.0
75.0
30.0
5.0
50.0
5.0
5.0
30.0
15.0
75.0
50.0
30.0
30.0
50.0
5.0
5.0
5.0
30.0
5.0
30.0
30.0
15.0
30.0
15.0
50.0
50.0
30.0
30.0
50.0
5.0
50.0
5.0
15.0
50.0
30.0
30.0
5.0
80.0
30.0
5.0
30.0
15.0
30.0
15.0
30.0
30.0
30.0
30.0
30.0
5.0
5.0
30.0
5.0
50.0
30.0
50.0
75.0
15.0
15.0
5.0
15.0
5.0
15.0
15.0
50.0
30.0
50.0
50.0
50.0
55.0
30.0
30.0
30.0
50.0
15.0
30.0
30.0
30.0
30.0
30.0
15.0
5.0
5.0
30.0
30.0
5.0
15.0
5.0
15.0
30.0
50.0
50.0
15.0
30.0
15.0
30.0
30.0
30.0
15.0
5.0
50.0
30.0
50.0
50.0
5.0
15.0
5.0
30.0
75.0
5.0
95.0
5.0
15.0
30.0
15.0
5.0
30.0
15.0
15.0
5.0
5.0
105.0
5.0
5.0
30.0
30.0
30.0
5.0
5.0
5.0
5.0
5.0
5.0
50.0
5.0
50.0
15.0
15.0
5.0
5.0
5.0
5.0
30.0
30.0
50.0
15.0
15.0
50.0
15.0
15.0
15.0
30.0
50.0
5.0
15.0
15.0
30.0
15.0
15.0
30.0
15.0
5.0
15.0
5.0
15.0
15.0
30.0
5.0
15.0
30.0
5.0
5.0
30.0
30.0
15.0
30.0
50.0
5.0
30.0
15.0
15.0
5.0
50.0
30.0
30.0
15.0
15.0
30.0
5.0
15.0
50.0
5.0
50.0
15.0
50.0
5.0
30.0
30.0
50.0
50.0
30.0
15.0
15.0
50.0
30.0
15.0
30.0
30.0
50.0
30.0
5.0
30.0
50.0
30.0
50.0
50.0
15.0
5.0
30.0
50.0
5.0
15.0
5.0
5.0
40.0
15.0
15.0
5.0
5.0
50.0
5.0
30.0
15.0
60.0
5.0
5.0
5.0
5.0
15.0
45.0
15.0
50.0
5.0
30.0
5.0
15.0
15.0
15.0
30.0
5.0
5.0
5.0
5.0
120.0
15.0
15.0
5.0
15.0
5.0
15.0
30.0
30.0
30.0
5.0
30.0
15.0
5.0
30.0
50.0
30.0
15.0
5.0
30.0
0.0
15.0
75.0
30.0
45.0
30.0
5.0
30.0
50.0
15.0
15.0
30.0
15.0
15.0
5.0
5.0
30.0
15.0
15.0
5.0
5.0
30.0
15.0
5.0
30.0
30.0
15.0
5.0
15.0
5.0
15.0
5.0
45.0
15.0
5.0
5.0
5.0
0.0
5.0
5.0
0.0
25.0
5.0
0.0
15.0
5.0
0.0
5.0
15.0
5.0
0.0
0.0
15.0
5.0
5.0
5.0
0.0
5.0
5.0
0.0
5.0
5.0
5.0
5.0
0.0
15.0
0.0
5.0
5.0
5.0
15.0
0.0
30.0
0.0
0.0
0.0
5.0
35.0
5.0
0.0
0.0
0.0
5.0
5.0
0.0
0.0
5.0
0.0
0.0
15.0
0.0
0.0
5.0
0.0
0.0
0.0
0.0
5.0
0.0
0.0
0.0
0.0
5.0
15.0
0.0
5.0
5.0
5.0
5.0
0.0
10.0
0.0
5.0
0.0
5.0
5.0
15.0
15.0
5.0
5.0
5.0
5.0
0.0
5.0
5.0
0.0
0.0
0.0
0.0
5.0
0.0
5.0
5.0
0.0
5.0
0.0
5.0
5.0
5.0
0.0
5.0
0.0
5.0
5.0
0.0
5.0
5.0
0.0
0.0
5.0
15.0
5.0
15.0
5.0
25.0
5.0
35.0
5.0
5.0
5.0
5.0
5.0
0.0
5.0
5.0
0.0
30.0
0.0
5.0
15.0
5.0
5.0
5.0
5.0
5.0
0.0
5.0
5.0
15.0
5.0
5.0
0.0
5.0
5.0
5.0
0.0
15.0
5.0
5.0
0.0
15.0
5.0
5.0
5.0
30.0
5.0
0.0
15.0
0.0
5.0
5.0
0.0
0.0
5.0
5.0
45.0
5.0
5.0
0.0
5.0
5.0
0.0
5.0
30.0
5.0
0.0
15.0
15.0
0.0
5.0
30.0
5.0
0.0
5.0
5.0
5.0
0.0
0.0
5.0
5.0
5.0
0.0
5.0
5.0
0.0
0.0
0.0
5.0
5.0
5.0
5.0
5.0
5.0
0.0
0.0
5.0
0.0
5.0
5.0
5.0
5.0
5.0
0.0
15.0
5.0
5.0
5.0
5.0
5.0
5.0
5.0
5.0
5.0
5.0
15.0
5.0
15.0
5.0
5.0
0.0
5.0
30.0
5.0
5.0
15.0
30.0
45.0
5.0
0.0
5.0
5.0
80.0
15.0
15.0
25.0
15.0
45.0
15.0
15.0
15.0
15.0
15.0
15.0
5.0
15.0
5.0
30.0
5.0
15.0
5.0
15.0
5.0
5.0
15.0
15.0
5.0
15.0
5.0
15.0
0.0
5.0
5.0
5.0
15.0
0.0
30.0
15.0
5.0
5.0
15.0
5.0
5.0
15.0
5.0
5.0
0.0
0.0
0.0
5.0
5.0
5.0
15.0
5.0
5.0
5.0
5.0
0.0
15.0
5.0
0.0
5.0
0.0
5.0
5.0
15.0
5.0
0.0
5.0
0.0
5.0
15.0
5.0
15.0
0.0
5.0
5.0
5.0
5.0
15.0
5.0
15.0
15.0
15.0
5.0
0.0
15.0
30.0
5.0
5.0
5.0
5.0
15.0
15.0
5.0
5.0
5.0
15.0
15.0
5.0
5.0
5.0
5.0
5.0
5.0
15.0
5.0
5.0
15.0
5.0
5.0
5.0
5.0
5.0
5.0
5.0
5.0
55.0
0.0
5.0
5.0
5.0
15.0
35.0
5.0
15.0
15.0
5.0
5.0
5.0
5.0
0.0
15.0
40.0
5.0
0.0
15.0
5.0
15.0
5.0
5.0
5.0
40.0
5.0
5.0
15.0
15.0
0.0
5.0
5.0
15.0
0.0
5.0
5.0
5.0
0.0
0.0
5.0
5.0
15.0
0.0
5.0
0.0
5.0
5.0
5.0
0.0
0.0
35.0
5.0
5.0
5.0
0.0
0.0
0.0
5.0
5.0
5.0
0.0
5.0
15.0
5.0
0.0
5.0
5.0
5.0
0.0
15.0
5.0
0.0
15.0
5.0
15.0
5.0
0.0
5.0
5.0
0.0
5.0
15.0
5.0
5.0
20.0
5.0
5.0
15.0
15.0
5.0
5.0
5.0
5.0
0.0
5.0
0.0
5.0
5.0
5.0
5.0
5.0
5.0
5.0
5.0
0.0
5.0
0.0
5.0
0.0
0.0
5.0
0.0
15.0
0.0
5.0
15.0
15.0
5.0
0.0
5.0
0.0
30.0
15.0
0.0
5.0
15.0
5.0
5.0
5.0
15.0
5.0
5.0
5.0
0.0
5.0
20.0
5.0
15.0
10.0
5.0
0.0
5.0
5.0
5.0
5.0
0.0
15.0
0.0
5.0
0.0
0.0
0.0
0.0
5.0
15.0
5.0
15.0
30.0
5.0
0.0
15.0
15.0
5.0
5.0
5.0
0.0
0.0
5.0
5.0
5.0
5.0
15.0
5.0
5.0
0.0
5.0
5.0
5.0
15.0
5.0
5.0
5.0
0.0
15.0
5.0
0.0
5.0
15.0
5.0
15.0
0.0
0.0
0.0
0.0
15.0
5.0
0.0
5.0
5.0
5.0
0.0
0.0
5.0
25.0
5.0
0.0
5.0
5.0
5.0
15.0
5.0
0.0
5.0
5.0
0.0
5.0
0.0
5.0
5.0
0.0
0.0
30.0
5.0
5.0
5.0
0.0
0.0
5.0
5.0
5.0
5.0
5.0
5.0
5.0
0.0
5.0
5.0
5.0
5.0
15.0
5.0
5.0
20.0
5.0
5.0
0.0
5.0
0.0
5.0
5.0
0.0
5.0
0.0
5.0
15.0
5.0
0.0
0.0
0.0
15.0
0.0
0.0
15.0
0.0
5.0
5.0
5.0
0.0
5.0
0.0
5.0
0.0
0.0
0.0
5.0
5.0
0.0
0.0
0.0
0.0
5.0
0.0
0.0
5.0
0.0
0.0
15.0
5.0
5.0
0.0
0.0
5.0
0.0
5.0
5.0
0.0
5.0
0.0
0.0
5.0
0.0
5.0
5.0
30.0
5.0
0.0
5.0
0.0
0.0
0.0
0.0
0.0
0.0
5.0
5.0
0.0
0.0
5.0
0.0
0.0
0.0
5.0
15.0
5.0
5.0
0.0
0.0
5.0
15.0
15.0
5.0
5.0
0.0
0.0
5.0
5.0
30.0
5.0
5.0
5.0
5.0
0.0
0.0
0.0
5.0
0.0
0.0
5.0
0.0
0.0
0.0
0.0
0.0
0.0
0.0
5.0
0.0
