[2017-05-01 16:34:15,635] Making new env: SpaceInvaders-v0
65.0
230.0
215.0
120.0
55.0
240.0
135.0
105.0
155.0
120.0
155.0
110.0
105.0
125.0
185.0
55.0
240.0
135.0
215.0
105.0
240.0
240.0
180.0
300.0
80.0
410.0
105.0
210.0
165.0
125.0
380.0
280.0
45.0
45.0
55.0
135.0
45.0
55.0
110.0
195.0
105.0
180.0
35.0
145.0
210.0
100.0
220.0
180.0
105.0
75.0
120.0
110.0
105.0
260.0
120.0
225.0
80.0
155.0
155.0
335.0
380.0
30.0
105.0
250.0
515.0
155.0
45.0
140.0
180.0
135.0
110.0
230.0
210.0
120.0
180.0
80.0
105.0
120.0
155.0
135.0
20.0
135.0
205.0
155.0
190.0
120.0
230.0
180.0
105.0
380.0
210.0
210.0
50.0
105.0
55.0
120.0
185.0
55.0
135.0
120.0
285.0
120.0
50.0
45.0
105.0
130.0
135.0
210.0
210.0
305.0
375.0
140.0
155.0
460.0
255.0
435.0
210.0
320.0
470.0
155.0
155.0
210.0
65.0
120.0
80.0
240.0
215.0
210.0
55.0
50.0
75.0
80.0
90.0
255.0
20.0
60.0
110.0
110.0
215.0
250.0
45.0
135.0
135.0
210.0
30.0
75.0
150.0
135.0
110.0
235.0
135.0
105.0
300.0
210.0
135.0
155.0
50.0
105.0
90.0
75.0
150.0
135.0
85.0
105.0
80.0
155.0
120.0
80.0
150.0
55.0
220.0
210.0
80.0
225.0
65.0
635.0
210.0
35.0
80.0
125.0
315.0
85.0
155.0
80.0
55.0
210.0
105.0
185.0
180.0
180.0
20.0
110.0
210.0
65.0
120.0
110.0
50.0
125.0
120.0
425.0
305.0
395.0
135.0
210.0
180.0
120.0
75.0
105.0
260.0
180.0
170.0
80.0
110.0
195.0
80.0
65.0
335.0
30.0
65.0
185.0
120.0
410.0
180.0
75.0
155.0
65.0
65.0
110.0
110.0
130.0
230.0
155.0
80.0
120.0
185.0
105.0
120.0
215.0
110.0
185.0
120.0
245.0
230.0
220.0
180.0
255.0
185.0
145.0
105.0
180.0
210.0
110.0
135.0
90.0
240.0
90.0
125.0
45.0
100.0
80.0
80.0
120.0
180.0
110.0
50.0
155.0
35.0
215.0
460.0
130.0
105.0
120.0
180.0
95.0
460.0
80.0
325.0
85.0
95.0
60.0
205.0
170.0
110.0
60.0
210.0
55.0
110.0
75.0
135.0
155.0
155.0
305.0
300.0
195.0
55.0
260.0
145.0
90.0
255.0
110.0
120.0
120.0
90.0
135.0
125.0
60.0
365.0
35.0
210.0
60.0
80.0
155.0
120.0
315.0
60.0
110.0
385.0
85.0
30.0
110.0
745.0
55.0
20.0
110.0
125.0
50.0
125.0
80.0
125.0
610.0
180.0
375.0
60.0
400.0
110.0
470.0
210.0
60.0
210.0
45.0
210.0
125.0
120.0
45.0
160.0
90.0
110.0
105.0
125.0
120.0
80.0
560.0
75.0
155.0
155.0
120.0
15.0
240.0
180.0
215.0
210.0
120.0
105.0
155.0
90.0
80.0
75.0
160.0
335.0
80.0
75.0
180.0
45.0
215.0
250.0
120.0
60.0
180.0
180.0
180.0
65.0
210.0
410.0
155.0
155.0
180.0
640.0
40.0
80.0
215.0
120.0
110.0
345.0
80.0
30.0
105.0
80.0
345.0
210.0
120.0
50.0
260.0
120.0
530.0
120.0
155.0
95.0
105.0
485.0
90.0
135.0
80.0
270.0
60.0
105.0
105.0
225.0
455.0
80.0
280.0
150.0
155.0
65.0
255.0
135.0
190.0
65.0
285.0
410.0
150.0
55.0
50.0
65.0
190.0
150.0
105.0
70.0
180.0
40.0
140.0
30.0
255.0
140.0
90.0
55.0
240.0
310.0
195.0
120.0
265.0
60.0
20.0
450.0
140.0
130.0
50.0
140.0
135.0
75.0
200.0
150.0
110.0
105.0
50.0
185.0
110.0
145.0
210.0
35.0
400.0
225.0
180.0
110.0
75.0
65.0
185.0
110.0
150.0
215.0
165.0
200.0
105.0
135.0
125.0
60.0
15.0
95.0
50.0
125.0
80.0
140.0
160.0
185.0
155.0
210.0
80.0
180.0
225.0
120.0
135.0
230.0
210.0
155.0
225.0
575.0
80.0
420.0
80.0
140.0
120.0
120.0
210.0
305.0
110.0
220.0
120.0
180.0
125.0
135.0
75.0
80.0
215.0
240.0
90.0
90.0
105.0
210.0
160.0
155.0
35.0
495.0
410.0
130.0
185.0
50.0
50.0
135.0
185.0
50.0
160.0
155.0
140.0
45.0
50.0
90.0
355.0
395.0
75.0
210.0
110.0
135.0
100.0
90.0
110.0
410.0
125.0
60.0
30.0
130.0
90.0
150.0
100.0
180.0
180.0
60.0
105.0
130.0
60.0
210.0
110.0
125.0
210.0
125.0
230.0
45.0
95.0
185.0
155.0
60.0
380.0
125.0
55.0
55.0
510.0
190.0
180.0
95.0
145.0
110.0
120.0
355.0
135.0
155.0
130.0
60.0
50.0
45.0
55.0
180.0
120.0
135.0
155.0
125.0
30.0
260.0
185.0
55.0
30.0
105.0
135.0
135.0
45.0
75.0
65.0
210.0
185.0
20.0
135.0
20.0
315.0
120.0
135.0
105.0
135.0
105.0
80.0
405.0
110.0
105.0
135.0
60.0
105.0
110.0
55.0
110.0
185.0
385.0
65.0
195.0
105.0
125.0
285.0
135.0
180.0
20.0
260.0
180.0
160.0
125.0
155.0
105.0
185.0
210.0
110.0
145.0
390.0
105.0
105.0
55.0
215.0
155.0
180.0
70.0
140.0
285.0
285.0
135.0
135.0
110.0
155.0
185.0
225.0
105.0
265.0
135.0
155.0
135.0
180.0
65.0
180.0
50.0
105.0
75.0
140.0
365.0
460.0
385.0
160.0
410.0
35.0
45.0
105.0
120.0
80.0
320.0
120.0
55.0
155.0
210.0
105.0
45.0
65.0
245.0
690.0
75.0
135.0
155.0
30.0
135.0
190.0
210.0
110.0
215.0
85.0
150.0
50.0
225.0
110.0
210.0
135.0
100.0
470.0
300.0
120.0
460.0
380.0
315.0
45.0
100.0
65.0
50.0
255.0
210.0
590.0
70.0
110.0
30.0
95.0
110.0
180.0
200.0
210.0
180.0
20.0
155.0
65.0
210.0
105.0
215.0
30.0
215.0
30.0
180.0
155.0
30.0
65.0
105.0
110.0
240.0
250.0
415.0
80.0
90.0
100.0
120.0
110.0
170.0
180.0
40.0
35.0
120.0
45.0
110.0
225.0
225.0
180.0
150.0
140.0
120.0
105.0
180.0
45.0
90.0
55.0
335.0
90.0
110.0
210.0
125.0
225.0
160.0
550.0
55.0
230.0
150.0
135.0
120.0
10.0
135.0
560.0
155.0
20.0
665.0
80.0
90.0
215.0
155.0
485.0
80.0
365.0
135.0
65.0
155.0
75.0
115.0
135.0
30.0
120.0
135.0
110.0
340.0
45.0
120.0
20.0
125.0
155.0
150.0
210.0
255.0
535.0
260.0
75.0
10.0
210.0
85.0
60.0
155.0
105.0
15.0
165.0
210.0
65.0
150.0
55.0
380.0
110.0
80.0
170.0
175.0
110.0
180.0
110.0
155.0
215.0
105.0
135.0
120.0
75.0
110.0
65.0
180.0
135.0
90.0
135.0
60.0
45.0
50.0
240.0
80.0
325.0
90.0
95.0
60.0
185.0
110.0
255.0
180.0
135.0
55.0
75.0
450.0
80.0
120.0
195.0
210.0
65.0
55.0
65.0
235.0
60.0
60.0
75.0
155.0
135.0
135.0
480.0
35.0
105.0
105.0
180.0
155.0
30.0
35.0
55.0
75.0
110.0
65.0
210.0
120.0
105.0
155.0
135.0
380.0
65.0
100.0
65.0
210.0
240.0
430.0
110.0
515.0
210.0
180.0
75.0
105.0
50.0
60.0
240.0
150.0
55.0
200.0
105.0
155.0
125.0
30.0
380.0
135.0
50.0
110.0
460.0
15.0
210.0
120.0
100.0
770.0
140.0
60.0
55.0
210.0
180.0
105.0
105.0
30.0
165.0
55.0
110.0
110.0
130.0
320.0
80.0
75.0
225.0
100.0
375.0
175.0
200.0
90.0
150.0
210.0
20.0
210.0
155.0
135.0
465.0
130.0
180.0
80.0
110.0
100.0
60.0
140.0
125.0
365.0
90.0
60.0
80.0
45.0
130.0
155.0
110.0
60.0
125.0
180.0
230.0
795.0
210.0
90.0
105.0
135.0
455.0
